label:apic[14].v(0.5)
3001
0	-70
0.1	-69.8839
0.2	-69.7697
0.3	-69.6574
0.4	-69.5474
0.5	-69.4397
0.6	-69.3345
0.7	-69.2316
0.8	-69.1311
0.9	-69.033
1	-68.9372
1.1	-68.8437
1.2	-68.7523
1.3	-68.6631
1.4	-68.576
1.5	-68.4909
1.6	-68.4078
1.7	-68.3265
1.8	-68.2471
1.9	-68.1694
2	-68.0935
2.1	-68.0192
2.2	-67.9466
2.3	-67.8755
2.4	-67.8059
2.5	-67.7377
2.6	-67.671
2.7	-67.6057
2.8	-67.5417
2.9	-67.4791
3	-67.4177
3.1	-67.3575
3.2	-67.2985
3.3	-67.2407
3.4	-67.1841
3.5	-67.1285
3.6	-67.074
3.7	-67.0206
3.8	-66.9682
3.9	-66.9169
4	-66.8665
4.1	-66.8171
4.2	-66.7686
4.3	-66.721
4.4	-66.6743
4.5	-66.6286
4.6	-66.5837
4.7	-66.5396
4.8	-66.4964
4.9	-66.4539
5	-66.4123
5.1	-66.3715
5.2	-66.3314
5.3	-66.2921
5.4	-66.2535
5.5	-66.2156
5.6	-66.1785
5.7	-66.142
5.8	-66.1063
5.9	-66.0712
6	-66.0368
6.1	-66.003
6.2	-65.9699
6.3	-65.9374
6.4	-65.9055
6.5	-65.8742
6.6	-65.8436
6.7	-65.8135
6.8	-65.784
6.9	-65.7551
7	-65.7267
7.1	-65.6989
7.2	-65.6716
7.3	-65.6448
7.4	-65.6186
7.5	-65.5929
7.6	-65.5677
7.7	-65.543
7.8	-65.5188
7.9	-65.4951
8	-65.4719
8.1	-65.4491
8.2	-65.4268
8.3	-65.4049
8.4	-65.3835
8.5	-65.3626
8.6	-65.3421
8.7	-65.322
8.8	-65.3023
8.9	-65.283
9	-65.2642
9.1	-65.2457
9.2	-65.2277
9.3	-65.21
9.4	-65.1928
9.5	-65.1759
9.6	-65.1594
9.7	-65.1432
9.8	-65.1275
9.9	-65.112
10	-65.097
10.1	-65.0822
10.2	-65.0679
10.3	-65.0538
10.4	-65.0401
10.5	-65.0267
10.6	-65.0136
10.7	-65.0009
10.8	-64.9885
10.9	-64.9763
11	-64.9645
11.1	-64.953
11.2	-64.9418
11.3	-64.9308
11.4	-64.9202
11.5	-64.9098
11.6	-64.8997
11.7	-64.8899
11.8	-64.8804
11.9	-64.8711
12	-64.8621
12.1	-64.8533
12.2	-64.8448
12.3	-64.8365
12.4	-64.8285
12.5	-64.8208
12.6	-64.8132
12.7	-64.806
12.8	-64.7989
12.9	-64.7921
13	-64.7855
13.1	-64.7791
13.2	-64.7729
13.3	-64.767
13.4	-64.7612
13.5	-64.7557
13.6	-64.7504
13.7	-64.7453
13.8	-64.7403
13.9	-64.7356
14	-64.7311
14.1	-64.7268
14.2	-64.7226
14.3	-64.7186
14.4	-64.7149
14.5	-64.7113
14.6	-64.7078
14.7	-64.7046
14.8	-64.7015
14.9	-64.6986
15	-64.6958
15.1	-64.6933
15.2	-64.6908
15.3	-64.6886
15.4	-64.6864
15.5	-64.6845
15.6	-64.6827
15.7	-64.681
15.8	-64.6795
15.9	-64.6781
16	-64.6769
16.1	-64.6758
16.2	-64.6749
16.3	-64.6741
16.4	-64.6734
16.5	-64.6728
16.6	-64.6724
16.7	-64.6721
16.8	-64.6719
16.9	-64.6719
17	-64.6719
17.1	-64.6721
17.2	-64.6724
17.3	-64.6728
17.4	-64.6733
17.5	-64.674
17.6	-64.6747
17.7	-64.6755
17.8	-64.6765
17.9	-64.6775
18	-64.6787
18.1	-64.6799
18.2	-64.6813
18.3	-64.6827
18.4	-64.6842
18.5	-64.6859
18.6	-64.6876
18.7	-64.6894
18.8	-64.6913
18.9	-64.6932
19	-64.6953
19.1	-64.6974
19.2	-64.6996
19.3	-64.7019
19.4	-64.7043
19.5	-64.7068
19.6	-64.7093
19.7	-64.7119
19.8	-64.7145
19.9	-64.7173
20	-64.7201
20.1	-64.7229
20.2	-64.7259
20.3	-64.7289
20.4	-64.7319
20.5	-64.7351
20.6	-64.7382
20.7	-64.7415
20.8	-64.7448
20.9	-64.7481
21	-64.7515
21.1	-64.755
21.2	-64.7585
21.3	-64.7621
21.4	-64.7657
21.5	-64.7693
21.6	-64.773
21.7	-64.7768
21.8	-64.7806
21.9	-64.7844
22	-64.7883
22.1	-64.7923
22.2	-64.7962
22.3	-64.8002
22.4	-64.8043
22.5	-64.8084
22.6	-64.8125
22.7	-64.8166
22.8	-64.8208
22.9	-64.8251
23	-64.8293
23.1	-64.8336
23.2	-64.8379
23.3	-64.8423
23.4	-64.8466
23.5	-64.851
23.6	-64.8555
23.7	-64.8599
23.8	-64.8644
23.9	-64.8689
24	-64.8734
24.1	-64.878
24.2	-64.8825
24.3	-64.8871
24.4	-64.8917
24.5	-64.8964
24.6	-64.901
24.7	-64.9057
24.8	-64.9104
24.9	-64.9151
25	-64.9198
25.1	-64.9245
25.2	-64.9293
25.3	-64.934
25.4	-64.9388
25.5	-64.9436
25.6	-64.9483
25.7	-64.9531
25.8	-64.9579
25.9	-64.9628
26	-64.9676
26.1	-64.9724
26.2	-64.9773
26.3	-64.9821
26.4	-64.987
26.5	-64.9918
26.6	-64.9967
26.7	-65.0015
26.8	-65.0064
26.9	-65.0113
27	-65.0162
27.1	-65.021
27.2	-65.0259
27.3	-65.0308
27.4	-65.0357
27.5	-65.0405
27.6	-65.0454
27.7	-65.0503
27.8	-65.0552
27.9	-65.06
28	-65.0649
28.1	-65.0698
28.2	-65.0746
28.3	-65.0795
28.4	-65.0843
28.5	-65.0892
28.6	-65.094
28.7	-65.0988
28.8	-65.1037
28.9	-65.1085
29	-65.1133
29.1	-65.1181
29.2	-65.1229
29.3	-65.1277
29.4	-65.1325
29.5	-65.1372
29.6	-65.142
29.7	-65.1467
29.8	-65.1515
29.9	-65.1562
30	-65.1609
30.1	-65.1656
30.2	-65.1703
30.3	-65.175
30.4	-65.1797
30.5	-65.1843
30.6	-65.189
30.7	-65.1936
30.8	-65.1982
30.9	-65.2028
31	-65.2074
31.1	-65.212
31.2	-65.2166
31.3	-65.2211
31.4	-65.2256
31.5	-65.2302
31.6	-65.2347
31.7	-65.2392
31.8	-65.2436
31.9	-65.2481
32	-65.2525
32.1	-65.2569
32.2	-65.2613
32.3	-65.2657
32.4	-65.2701
32.5	-65.2744
32.6	-65.2788
32.7	-65.2831
32.8	-65.2874
32.9	-65.2917
33	-65.2959
33.1	-65.3002
33.2	-65.3044
33.3	-65.3086
33.4	-65.3128
33.5	-65.317
33.6	-65.3211
33.7	-65.3252
33.8	-65.3293
33.9	-65.3334
34	-65.3375
34.1	-65.3415
34.2	-65.3456
34.3	-65.3496
34.4	-65.3536
34.5	-65.3575
34.6	-65.3615
34.7	-65.3654
34.8	-65.3693
34.9	-65.3732
35	-65.3771
35.1	-65.3809
35.2	-65.3847
35.3	-65.3885
35.4	-65.3923
35.5	-65.3961
35.6	-65.3998
35.7	-65.4035
35.8	-65.4072
35.9	-65.4109
36	-65.4145
36.1	-65.4182
36.2	-65.4218
36.3	-65.4254
36.4	-65.4289
36.5	-65.4325
36.6	-65.436
36.7	-65.4395
36.8	-65.443
36.9	-65.4464
37	-65.4499
37.1	-65.4533
37.2	-65.4566
37.3	-65.46
37.4	-65.4634
37.5	-65.4667
37.6	-65.47
37.7	-65.4733
37.8	-65.4765
37.9	-65.4798
38	-65.483
38.1	-65.4862
38.2	-65.4893
38.3	-65.4925
38.4	-65.4956
38.5	-65.4987
38.6	-65.5018
38.7	-65.5048
38.8	-65.5079
38.9	-65.5109
39	-65.5139
39.1	-65.5168
39.2	-65.5198
39.3	-65.5227
39.4	-65.5256
39.5	-65.5285
39.6	-65.5313
39.7	-65.5342
39.8	-65.537
39.9	-65.5398
40	-65.5426
40.1	-65.5453
40.2	-65.548
40.3	-65.5508
40.4	-65.5534
40.5	-65.5561
40.6	-65.5587
40.7	-65.5614
40.8	-65.564
40.9	-65.5666
41	-65.5691
41.1	-65.5716
41.2	-65.5742
41.3	-65.5767
41.4	-65.5791
41.5	-65.5816
41.6	-65.584
41.7	-65.5864
41.8	-65.5888
41.9	-65.5912
42	-65.5935
42.1	-65.5959
42.2	-65.5982
42.3	-65.6005
42.4	-65.6027
42.5	-65.605
42.6	-65.6072
42.7	-65.6094
42.8	-65.6116
42.9	-65.6138
43	-65.6159
43.1	-65.618
43.2	-65.6201
43.3	-65.6222
43.4	-65.6243
43.5	-65.6264
43.6	-65.6284
43.7	-65.6304
43.8	-65.6324
43.9	-65.6344
44	-65.6363
44.1	-65.6383
44.2	-65.6402
44.3	-65.6421
44.4	-65.644
44.5	-65.6458
44.6	-65.6477
44.7	-65.6495
44.8	-65.6513
44.9	-65.6531
45	-65.6548
45.1	-65.6566
45.2	-65.6583
45.3	-65.66
45.4	-65.6617
45.5	-65.6634
45.6	-65.6651
45.7	-65.6667
45.8	-65.6684
45.9	-65.67
46	-65.6716
46.1	-65.6731
46.2	-65.6747
46.3	-65.6762
46.4	-65.6778
46.5	-65.6793
46.6	-65.6808
46.7	-65.6822
46.8	-65.6837
46.9	-65.6851
47	-65.6866
47.1	-65.688
47.2	-65.6894
47.3	-65.6908
47.4	-65.6921
47.5	-65.6935
47.6	-65.6948
47.7	-65.6961
47.8	-65.6974
47.9	-65.6987
48	-65.7
48.1	-65.7012
48.2	-65.7025
48.3	-65.7037
48.4	-65.7049
48.5	-65.7061
48.6	-65.7073
48.7	-65.7085
48.8	-65.7096
48.9	-65.7108
49	-65.7119
49.1	-65.713
49.2	-65.7141
49.3	-65.7152
49.4	-65.7162
49.5	-65.7173
49.6	-65.7183
49.7	-65.7194
49.8	-65.7204
49.9	-65.7214
50	-65.7224
50.1	-65.7234
50.2	-65.7243
50.3	-65.7253
50.4	-65.7262
50.5	-65.7271
50.6	-65.728
50.7	-65.7289
50.8	-65.7298
50.9	-65.7307
51	-65.7316
51.1	-65.7324
51.2	-65.7333
51.3	-65.7341
51.4	-65.7349
51.5	-65.7357
51.6	-65.7365
51.7	-65.7373
51.8	-65.738
51.9	-65.7388
52	-65.7395
52.1	-65.7403
52.2	-65.741
52.3	-65.7417
52.4	-65.7424
52.5	-65.7431
52.6	-65.7438
52.7	-65.7445
52.8	-65.7451
52.9	-65.7458
53	-65.7464
53.1	-65.747
53.2	-65.7477
53.3	-65.7483
53.4	-65.7489
53.5	-65.7495
53.6	-65.75
53.7	-65.7506
53.8	-65.7512
53.9	-65.7517
54	-65.7523
54.1	-65.7528
54.2	-65.7533
54.3	-65.7538
54.4	-65.7543
54.5	-65.7548
54.6	-65.7553
54.7	-65.7558
54.8	-65.7563
54.9	-65.7567
55	-65.7572
55.1	-65.7576
55.2	-65.7581
55.3	-65.7585
55.4	-65.7589
55.5	-65.7593
55.6	-65.7598
55.7	-65.7601
55.8	-65.7605
55.9	-65.7609
56	-65.7613
56.1	-65.7617
56.2	-65.762
56.3	-65.7624
56.4	-65.7627
56.5	-65.763
56.6	-65.7634
56.7	-65.7637
56.8	-65.764
56.9	-65.7643
57	-65.7646
57.1	-65.7649
57.2	-65.7652
57.3	-65.7655
57.4	-65.7657
57.5	-65.766
57.6	-65.7663
57.7	-65.7665
57.8	-65.7668
57.9	-65.767
58	-65.7673
58.1	-65.7675
58.2	-65.7677
58.3	-65.7679
58.4	-65.7681
58.5	-65.7683
58.6	-65.7686
58.7	-65.7687
58.8	-65.7689
58.9	-65.7691
59	-65.7693
59.1	-65.7695
59.2	-65.7696
59.3	-65.7698
59.4	-65.77
59.5	-65.7701
59.6	-65.7703
59.7	-65.7704
59.8	-65.7705
59.9	-65.7707
60	-65.7708
60.1	-65.7709
60.2	-65.771
60.3	-65.7712
60.4	-65.7713
60.5	-65.7714
60.6	-65.7715
60.7	-65.7716
60.8	-65.7717
60.9	-65.7717
61	-65.7718
61.1	-65.7719
61.2	-65.772
61.3	-65.772
61.4	-65.7721
61.5	-65.7722
61.6	-65.7722
61.7	-65.7723
61.8	-65.7723
61.9	-65.7724
62	-65.7724
62.1	-65.7725
62.2	-65.7725
62.3	-65.7725
62.4	-65.7726
62.5	-65.7726
62.6	-65.7726
62.7	-65.7726
62.8	-65.7727
62.9	-65.7727
63	-65.7727
63.1	-65.7727
63.2	-65.7727
63.3	-65.7727
63.4	-65.7727
63.5	-65.7727
63.6	-65.7727
63.7	-65.7727
63.8	-65.7727
63.9	-65.7726
64	-65.7726
64.1	-65.7726
64.2	-65.7726
64.3	-65.7726
64.4	-65.7725
64.5	-65.7725
64.6	-65.7725
64.7	-65.7724
64.8	-65.7724
64.9	-65.7723
65	-65.7723
65.1	-65.7723
65.2	-65.7722
65.3	-65.7722
65.4	-65.7721
65.5	-65.7721
65.6	-65.772
65.7	-65.7719
65.8	-65.7719
65.9	-65.7718
66	-65.7718
66.1	-65.7717
66.2	-65.7716
66.3	-65.7716
66.4	-65.7715
66.5	-65.7714
66.6	-65.7713
66.7	-65.7713
66.8	-65.7712
66.9	-65.7711
67	-65.771
67.1	-65.771
67.2	-65.7709
67.3	-65.7708
67.4	-65.7707
67.5	-65.7706
67.6	-65.7705
67.7	-65.7704
67.8	-65.7703
67.9	-65.7703
68	-65.7702
68.1	-65.7701
68.2	-65.77
68.3	-65.7699
68.4	-65.7698
68.5	-65.7697
68.6	-65.7696
68.7	-65.7695
68.8	-65.7694
68.9	-65.7693
69	-65.7692
69.1	-65.7691
69.2	-65.769
69.3	-65.7689
69.4	-65.7687
69.5	-65.7686
69.6	-65.7685
69.7	-65.7684
69.8	-65.7683
69.9	-65.7682
70	-65.7681
70.1	-65.768
70.2	-65.7679
70.3	-65.7678
70.4	-65.7676
70.5	-65.7675
70.6	-65.7674
70.7	-65.7673
70.8	-65.7672
70.9	-65.7671
71	-65.7669
71.1	-65.7668
71.2	-65.7667
71.3	-65.7666
71.4	-65.7665
71.5	-65.7664
71.6	-65.7662
71.7	-65.7661
71.8	-65.766
71.9	-65.7659
72	-65.7658
72.1	-65.7656
72.2	-65.7655
72.3	-65.7654
72.4	-65.7653
72.5	-65.7652
72.6	-65.765
72.7	-65.7649
72.8	-65.7648
72.9	-65.7647
73	-65.7645
73.1	-65.7644
73.2	-65.7643
73.3	-65.7642
73.4	-65.7641
73.5	-65.7639
73.6	-65.7638
73.7	-65.7637
73.8	-65.7636
73.9	-65.7634
74	-65.7633
74.1	-65.7632
74.2	-65.7631
74.3	-65.763
74.4	-65.7628
74.5	-65.7627
74.6	-65.7626
74.7	-65.7625
74.8	-65.7623
74.9	-65.7622
75	-65.7621
75.1	-65.762
75.2	-65.7619
75.3	-65.7617
75.4	-65.7616
75.5	-65.7615
75.6	-65.7614
75.7	-65.7613
75.8	-65.7611
75.9	-65.761
76	-65.7609
76.1	-65.7608
76.2	-65.7607
76.3	-65.7606
76.4	-65.7604
76.5	-65.7603
76.6	-65.7602
76.7	-65.7601
76.8	-65.76
76.9	-65.7598
77	-65.7597
77.1	-65.7596
77.2	-65.7595
77.3	-65.7594
77.4	-65.7593
77.5	-65.7592
77.6	-65.759
77.7	-65.7589
77.8	-65.7588
77.9	-65.7587
78	-65.7586
78.1	-65.7585
78.2	-65.7584
78.3	-65.7583
78.4	-65.7582
78.5	-65.758
78.6	-65.7579
78.7	-65.7578
78.8	-65.7577
78.9	-65.7576
79	-65.7575
79.1	-65.7574
79.2	-65.7573
79.3	-65.7572
79.4	-65.7571
79.5	-65.757
79.6	-65.7569
79.7	-65.7568
79.8	-65.7567
79.9	-65.7566
80	-65.7565
80.1	-65.7564
80.2	-65.7562
80.3	-65.7561
80.4	-65.7561
80.5	-65.756
80.6	-65.7559
80.7	-65.7558
80.8	-65.7557
80.9	-65.7556
81	-65.7555
81.1	-65.7554
81.2	-65.7553
81.3	-65.7552
81.4	-65.7551
81.5	-65.755
81.6	-65.7549
81.7	-65.7548
81.8	-65.7547
81.9	-65.7546
82	-65.7545
82.1	-65.7544
82.2	-65.7543
82.3	-65.7542
82.4	-65.7542
82.5	-65.7541
82.6	-65.754
82.7	-65.7539
82.8	-65.7538
82.9	-65.7537
83	-65.7536
83.1	-65.7535
83.2	-65.7535
83.3	-65.7534
83.4	-65.7533
83.5	-65.7532
83.6	-65.7531
83.7	-65.753
83.8	-65.753
83.9	-65.7529
84	-65.7528
84.1	-65.7527
84.2	-65.7526
84.3	-65.7526
84.4	-65.7525
84.5	-65.7524
84.6	-65.7523
84.7	-65.7523
84.8	-65.7522
84.9	-65.7521
85	-65.752
85.1	-65.752
85.2	-65.7519
85.3	-65.7518
85.4	-65.7517
85.5	-65.7517
85.6	-65.7516
85.7	-65.7515
85.8	-65.7514
85.9	-65.7514
86	-65.7513
86.1	-65.7512
86.2	-65.7512
86.3	-65.7511
86.4	-65.751
86.5	-65.751
86.6	-65.7509
86.7	-65.7508
86.8	-65.7508
86.9	-65.7507
87	-65.7507
87.1	-65.7506
87.2	-65.7505
87.3	-65.7505
87.4	-65.7504
87.5	-65.7503
87.6	-65.7503
87.7	-65.7502
87.8	-65.7502
87.9	-65.7501
88	-65.75
88.1	-65.75
88.2	-65.7499
88.3	-65.7499
88.4	-65.7498
88.5	-65.7498
88.6	-65.7497
88.7	-65.7497
88.8	-65.7496
88.9	-65.7495
89	-65.7495
89.1	-65.7494
89.2	-65.7494
89.3	-65.7493
89.4	-65.7493
89.5	-65.7492
89.6	-65.7492
89.7	-65.7491
89.8	-65.7491
89.9	-65.749
90	-65.749
90.1	-65.7489
90.2	-65.7489
90.3	-65.7489
90.4	-65.7488
90.5	-65.7488
90.6	-65.7487
90.7	-65.7487
90.8	-65.7486
90.9	-65.7486
91	-65.7485
91.1	-65.7485
91.2	-65.7485
91.3	-65.7484
91.4	-65.7484
91.5	-65.7483
91.6	-65.7483
91.7	-65.7483
91.8	-65.7482
91.9	-65.7482
92	-65.7481
92.1	-65.7481
92.2	-65.7481
92.3	-65.748
92.4	-65.748
92.5	-65.7479
92.6	-65.7479
92.7	-65.7479
92.8	-65.7478
92.9	-65.7478
93	-65.7478
93.1	-65.7477
93.2	-65.7477
93.3	-65.7477
93.4	-65.7476
93.5	-65.7476
93.6	-65.7476
93.7	-65.7475
93.8	-65.7475
93.9	-65.7475
94	-65.7475
94.1	-65.7474
94.2	-65.7474
94.3	-65.7474
94.4	-65.7473
94.5	-65.7473
94.6	-65.7473
94.7	-65.7472
94.8	-65.7472
94.9	-65.7472
95	-65.7472
95.1	-65.7471
95.2	-65.7471
95.3	-65.7471
95.4	-65.7471
95.5	-65.747
95.6	-65.747
95.7	-65.747
95.8	-65.747
95.9	-65.7469
96	-65.7469
96.1	-65.7469
96.2	-65.7469
96.3	-65.7468
96.4	-65.7468
96.5	-65.7468
96.6	-65.7468
96.7	-65.7468
96.8	-65.7467
96.9	-65.7467
97	-65.7467
97.1	-65.7467
97.2	-65.7467
97.3	-65.7466
97.4	-65.7466
97.5	-65.7466
97.6	-65.7466
97.7	-65.7466
97.8	-65.7466
97.9	-65.7465
98	-65.7465
98.1	-65.7465
98.2	-65.7465
98.3	-65.7465
98.4	-65.7464
98.5	-65.7464
98.6	-65.7464
98.7	-65.7464
98.8	-65.7464
98.9	-65.7464
99	-65.7464
99.1	-65.7463
99.2	-65.7463
99.3	-65.7463
99.4	-65.7463
99.5	-65.7463
99.6	-65.7463
99.7	-65.7463
99.8	-65.7462
99.9	-65.7462
100	-65.7462
100.1	-65.7433
100.2	-65.7336
100.3	-65.715
100.4	-65.6874
100.5	-65.6517
100.6	-65.6096
100.7	-65.5627
100.8	-65.5126
100.9	-65.4605
101	-65.4074
101.1	-65.3541
101.2	-65.3011
101.3	-65.249
101.4	-65.1979
101.5	-65.1482
101.6	-65.1
101.7	-65.0535
101.8	-65.0087
101.9	-64.9657
102	-64.9246
102.1	-64.8852
102.2	-64.8477
102.3	-64.812
102.4	-64.7782
102.5	-64.746
102.6	-64.7157
102.7	-64.687
102.8	-64.66
102.9	-64.6345
103	-64.6107
103.1	-64.5884
103.2	-64.5675
103.3	-64.5481
103.4	-64.5301
103.5	-64.5134
103.6	-64.498
103.7	-64.4838
103.8	-64.4709
103.9	-64.4591
104	-64.4484
104.1	-64.4387
104.2	-64.4301
104.3	-64.4225
104.4	-64.4158
104.5	-64.41
104.6	-64.4051
104.7	-64.4011
104.8	-64.3978
104.9	-64.3952
105	-64.3934
105.1	-64.3923
105.2	-64.3919
105.3	-64.392
105.4	-64.3928
105.5	-64.3941
105.6	-64.396
105.7	-64.3984
105.8	-64.4013
105.9	-64.4047
106	-64.4085
106.1	-64.4127
106.2	-64.4173
106.3	-64.4223
106.4	-64.4276
106.5	-64.4333
106.6	-64.4392
106.7	-64.4455
106.8	-64.452
106.9	-64.4588
107	-64.4658
107.1	-64.4731
107.2	-64.4805
107.3	-64.4882
107.4	-64.496
107.5	-64.504
107.6	-64.5121
107.7	-64.5204
107.8	-64.5288
107.9	-64.5374
108	-64.546
108.1	-64.5547
108.2	-64.5635
108.3	-64.5724
108.4	-64.5814
108.5	-64.5904
108.6	-64.5994
108.7	-64.6085
108.8	-64.6177
108.9	-64.6268
109	-64.636
109.1	-64.6452
109.2	-64.6544
109.3	-64.6636
109.4	-64.6728
109.5	-64.682
109.6	-64.6912
109.7	-64.7003
109.8	-64.7094
109.9	-64.7185
110	-64.7276
110.1	-64.7366
110.2	-64.7456
110.3	-64.7546
110.4	-64.7635
110.5	-64.7724
110.6	-64.7812
110.7	-64.7899
110.8	-64.7987
110.9	-64.8073
111	-64.8159
111.1	-64.8244
111.2	-64.8329
111.3	-64.8413
111.4	-64.8496
111.5	-64.8579
111.6	-64.8661
111.7	-64.8742
111.8	-64.8823
111.9	-64.8903
112	-64.8982
112.1	-64.906
112.2	-64.9138
112.3	-64.9215
112.4	-64.9291
112.5	-64.9367
112.6	-64.9442
112.7	-64.9516
112.8	-64.9589
112.9	-64.9662
113	-64.9733
113.1	-64.9804
113.2	-64.9875
113.3	-64.9944
113.4	-65.0013
113.5	-65.0081
113.6	-65.0148
113.7	-65.0215
113.8	-65.0281
113.9	-65.0346
114	-65.041
114.1	-65.0474
114.2	-65.0537
114.3	-65.0599
114.4	-65.066
114.5	-65.0721
114.6	-65.0781
114.7	-65.0841
114.8	-65.09
114.9	-65.0957
115	-65.1015
115.1	-65.1071
115.2	-65.1127
115.3	-65.1183
115.4	-65.1237
115.5	-65.1292
115.6	-65.1345
115.7	-65.1398
115.8	-65.145
115.9	-65.1501
116	-65.1552
116.1	-65.1602
116.2	-65.1652
116.3	-65.1701
116.4	-65.1749
116.5	-65.1797
116.6	-65.1845
116.7	-65.1891
116.8	-65.1938
116.9	-65.1983
117	-65.2028
117.1	-65.2073
117.2	-65.2117
117.3	-65.216
117.4	-65.2203
117.5	-65.2245
117.6	-65.2287
117.7	-65.2329
117.8	-65.2369
117.9	-65.241
118	-65.245
118.1	-65.2489
118.2	-65.2528
118.3	-65.2566
118.4	-65.2604
118.5	-65.2642
118.6	-65.2679
118.7	-65.2715
118.8	-65.2751
118.9	-65.2787
119	-65.2822
119.1	-65.2857
119.2	-65.2892
119.3	-65.2926
119.4	-65.2959
119.5	-65.2992
119.6	-65.3025
119.7	-65.3058
119.8	-65.309
119.9	-65.3121
120	-65.3152
120.1	-65.3155
120.2	-65.309
120.3	-65.2936
120.4	-65.2688
120.5	-65.2354
120.6	-65.1948
120.7	-65.1487
120.8	-65.0982
120.9	-65.0446
121	-64.9888
121.1	-64.9314
121.2	-64.873
121.3	-64.814
121.4	-64.7547
121.5	-64.6955
121.6	-64.6366
121.7	-64.5783
121.8	-64.5207
121.9	-64.4641
122	-64.4086
122.1	-64.3543
122.2	-64.3014
122.3	-64.2498
122.4	-64.1997
122.5	-64.1511
122.6	-64.1039
122.7	-64.0583
122.8	-64.014
122.9	-63.9712
123	-63.9299
123.1	-63.8898
123.2	-63.8511
123.3	-63.8137
123.4	-63.7775
123.5	-63.7424
123.6	-63.7085
123.7	-63.6758
123.8	-63.644
123.9	-63.6133
124	-63.5835
124.1	-63.5547
124.2	-63.5267
124.3	-63.4996
124.4	-63.4733
124.5	-63.4478
124.6	-63.423
124.7	-63.3989
124.8	-63.3755
124.9	-63.3528
125	-63.3307
125.1	-63.3092
125.2	-63.2882
125.3	-63.2678
125.4	-63.248
125.5	-63.2286
125.6	-63.2097
125.7	-63.1913
125.8	-63.1733
125.9	-63.1558
126	-63.1386
126.1	-63.1219
126.2	-63.1055
126.3	-63.0895
126.4	-63.0738
126.5	-63.0585
126.6	-63.0435
126.7	-63.0288
126.8	-63.0144
126.9	-63.0003
127	-62.9865
127.1	-62.9729
127.2	-62.9596
127.3	-62.9465
127.4	-62.9337
127.5	-62.9212
127.6	-62.9088
127.7	-62.8967
127.8	-62.8848
127.9	-62.873
128	-62.8615
128.1	-62.8502
128.2	-62.8391
128.3	-62.8282
128.4	-62.8174
128.5	-62.8069
128.6	-62.7965
128.7	-62.7862
128.8	-62.7762
128.9	-62.7663
129	-62.7565
129.1	-62.7469
129.2	-62.7375
129.3	-62.7282
129.4	-62.7191
129.5	-62.7101
129.6	-62.7013
129.7	-62.6926
129.8	-62.6841
129.9	-62.6757
130	-62.6674
130.1	-62.6593
130.2	-62.6514
130.3	-62.6435
130.4	-62.6358
130.5	-62.6283
130.6	-62.6209
130.7	-62.6136
130.8	-62.6064
130.9	-62.5994
131	-62.5926
131.1	-62.5858
131.2	-62.5793
131.3	-62.5728
131.4	-62.5665
131.5	-62.5603
131.6	-62.5543
131.7	-62.5484
131.8	-62.5426
131.9	-62.537
132	-62.5315
132.1	-62.5262
132.2	-62.521
132.3	-62.516
132.4	-62.5111
132.5	-62.5063
132.6	-62.5017
132.7	-62.4972
132.8	-62.4929
132.9	-62.4888
133	-62.4847
133.1	-62.4809
133.2	-62.4772
133.3	-62.4736
133.4	-62.4702
133.5	-62.467
133.6	-62.4639
133.7	-62.461
133.8	-62.4582
133.9	-62.4556
134	-62.4531
134.1	-62.4508
134.2	-62.4487
134.3	-62.4468
134.4	-62.445
134.5	-62.4434
134.6	-62.4419
134.7	-62.4406
134.8	-62.4395
134.9	-62.4386
135	-62.4378
135.1	-62.4372
135.2	-62.4368
135.3	-62.4366
135.4	-62.4365
135.5	-62.4366
135.6	-62.4369
135.7	-62.4374
135.8	-62.4381
135.9	-62.4389
136	-62.44
136.1	-62.4412
136.2	-62.4426
136.3	-62.4442
136.4	-62.446
136.5	-62.448
136.6	-62.4502
136.7	-62.4526
136.8	-62.4552
136.9	-62.4579
137	-62.4609
137.1	-62.4641
137.2	-62.4675
137.3	-62.4711
137.4	-62.4748
137.5	-62.4788
137.6	-62.483
137.7	-62.4874
137.8	-62.4921
137.9	-62.4969
138	-62.502
138.1	-62.5072
138.2	-62.5127
138.3	-62.5184
138.4	-62.5243
138.5	-62.5304
138.6	-62.5368
138.7	-62.5434
138.8	-62.5502
138.9	-62.5572
139	-62.5644
139.1	-62.5719
139.2	-62.5796
139.3	-62.5876
139.4	-62.5958
139.5	-62.6042
139.6	-62.6128
139.7	-62.6217
139.8	-62.6308
139.9	-62.6402
140	-62.6498
140.1	-62.6577
140.2	-62.6612
140.3	-62.6587
140.4	-62.6495
140.5	-62.6341
140.6	-62.6134
140.7	-62.5883
140.8	-62.5599
140.9	-62.529
141	-62.4964
141.1	-62.4626
141.2	-62.4281
141.3	-62.3933
141.4	-62.3584
141.5	-62.3237
141.6	-62.2893
141.7	-62.2552
141.8	-62.2217
141.9	-62.1886
142	-62.1562
142.1	-62.1243
142.2	-62.0931
142.3	-62.0624
142.4	-62.0324
142.5	-62.0031
142.6	-61.9743
142.7	-61.9462
142.8	-61.9187
142.9	-61.8917
143	-61.8654
143.1	-61.8397
143.2	-61.8145
143.3	-61.7898
143.4	-61.7658
143.5	-61.7422
143.6	-61.7192
143.7	-61.6966
143.8	-61.6746
143.9	-61.653
144	-61.6319
144.1	-61.6113
144.2	-61.591
144.3	-61.5713
144.4	-61.5519
144.5	-61.533
144.6	-61.5145
144.7	-61.4963
144.8	-61.4786
144.9	-61.4612
145	-61.4442
145.1	-61.4275
145.2	-61.4112
145.3	-61.3953
145.4	-61.3796
145.5	-61.3643
145.6	-61.3493
145.7	-61.3347
145.8	-61.3203
145.9	-61.3062
146	-61.2925
146.1	-61.279
146.2	-61.2658
146.3	-61.2529
146.4	-61.2403
146.5	-61.2279
146.6	-61.2158
146.7	-61.204
146.8	-61.1924
146.9	-61.1811
147	-61.17
147.1	-61.1592
147.2	-61.1486
147.3	-61.1383
147.4	-61.1282
147.5	-61.1183
147.6	-61.1087
147.7	-61.0993
147.8	-61.0901
147.9	-61.0811
148	-61.0723
148.1	-61.0638
148.2	-61.0554
148.3	-61.0473
148.4	-61.0394
148.5	-61.0317
148.6	-61.0242
148.7	-61.0168
148.8	-61.0097
148.9	-61.0028
149	-60.9961
149.1	-60.9895
149.2	-60.9832
149.3	-60.977
149.4	-60.971
149.5	-60.9652
149.6	-60.9595
149.7	-60.9541
149.8	-60.9488
149.9	-60.9437
150	-60.9388
150.1	-60.934
150.2	-60.9294
150.3	-60.9249
150.4	-60.9207
150.5	-60.9165
150.6	-60.9126
150.7	-60.9088
150.8	-60.9051
150.9	-60.9016
151	-60.8983
151.1	-60.8951
151.2	-60.8921
151.3	-60.8892
151.4	-60.8864
151.5	-60.8838
151.6	-60.8814
151.7	-60.8791
151.8	-60.8769
151.9	-60.8748
152	-60.8729
152.1	-60.8712
152.2	-60.8695
152.3	-60.868
152.4	-60.8666
152.5	-60.8654
152.6	-60.8643
152.7	-60.8633
152.8	-60.8624
152.9	-60.8616
153	-60.861
153.1	-60.8605
153.2	-60.8601
153.3	-60.8599
153.4	-60.8597
153.5	-60.8597
153.6	-60.8597
153.7	-60.8599
153.8	-60.8602
153.9	-60.8606
154	-60.8612
154.1	-60.8618
154.2	-60.8625
154.3	-60.8634
154.4	-60.8643
154.5	-60.8653
154.6	-60.8665
154.7	-60.8677
154.8	-60.8691
154.9	-60.8705
155	-60.8721
155.1	-60.8737
155.2	-60.8755
155.3	-60.8773
155.4	-60.8792
155.5	-60.8812
155.6	-60.8833
155.7	-60.8855
155.8	-60.8878
155.9	-60.8902
156	-60.8926
156.1	-60.8952
156.2	-60.8978
156.3	-60.9005
156.4	-60.9033
156.5	-60.9062
156.6	-60.9091
156.7	-60.9122
156.8	-60.9153
156.9	-60.9185
157	-60.9218
157.1	-60.9251
157.2	-60.9286
157.3	-60.9321
157.4	-60.9356
157.5	-60.9393
157.6	-60.943
157.7	-60.9468
157.8	-60.9507
157.9	-60.9546
158	-60.9586
158.1	-60.9627
158.2	-60.9669
158.3	-60.9711
158.4	-60.9754
158.5	-60.9797
158.6	-60.9842
158.7	-60.9886
158.8	-60.9932
158.9	-60.9978
159	-61.0025
159.1	-61.0072
159.2	-61.012
159.3	-61.0169
159.4	-61.0218
159.5	-61.0268
159.6	-61.0319
159.7	-61.037
159.8	-61.0421
159.9	-61.0474
160	-61.0527
160.1	-61.058
160.2	-61.0634
160.3	-61.0689
160.4	-61.0744
160.5	-61.0799
160.6	-61.0856
160.7	-61.0913
160.8	-61.097
160.9	-61.1028
161	-61.1086
161.1	-61.1145
161.2	-61.1205
161.3	-61.1265
161.4	-61.1326
161.5	-61.1387
161.6	-61.1448
161.7	-61.1511
161.8	-61.1573
161.9	-61.1637
162	-61.17
162.1	-61.1765
162.2	-61.1829
162.3	-61.1895
162.4	-61.196
162.5	-61.2027
162.6	-61.2094
162.7	-61.2161
162.8	-61.2229
162.9	-61.2297
163	-61.2366
163.1	-61.2435
163.2	-61.2505
163.3	-61.2576
163.4	-61.2646
163.5	-61.2718
163.6	-61.279
163.7	-61.2862
163.8	-61.2935
163.9	-61.3008
164	-61.3082
164.1	-61.3157
164.2	-61.3232
164.3	-61.3307
164.4	-61.3383
164.5	-61.3459
164.6	-61.3536
164.7	-61.3614
164.8	-61.3692
164.9	-61.3771
165	-61.385
165.1	-61.3929
165.2	-61.4009
165.3	-61.409
165.4	-61.4171
165.5	-61.4253
165.6	-61.4335
165.7	-61.4418
165.8	-61.4502
165.9	-61.4586
166	-61.467
166.1	-61.4755
166.2	-61.4841
166.3	-61.4927
166.4	-61.5014
166.5	-61.5102
166.6	-61.519
166.7	-61.5278
166.8	-61.5368
166.9	-61.5457
167	-61.5548
167.1	-61.5639
167.2	-61.5731
167.3	-61.5823
167.4	-61.5917
167.5	-61.601
167.6	-61.6105
167.7	-61.62
167.8	-61.6296
167.9	-61.6393
168	-61.649
168.1	-61.6588
168.2	-61.6687
168.3	-61.6786
168.4	-61.6887
168.5	-61.6988
168.6	-61.709
168.7	-61.7192
168.8	-61.7296
168.9	-61.74
169	-61.7505
169.1	-61.7611
169.2	-61.7718
169.3	-61.7826
169.4	-61.7935
169.5	-61.8045
169.6	-61.8155
169.7	-61.8267
169.8	-61.838
169.9	-61.8493
170	-61.8608
170.1	-61.8723
170.2	-61.884
170.3	-61.8958
170.4	-61.9077
170.5	-61.9197
170.6	-61.9318
170.7	-61.9441
170.8	-61.9564
170.9	-61.9689
171	-61.9815
171.1	-61.9943
171.2	-62.0071
171.3	-62.0202
171.4	-62.0333
171.5	-62.0466
171.6	-62.06
171.7	-62.0736
171.8	-62.0873
171.9	-62.1012
172	-62.1152
172.1	-62.1293
172.2	-62.1437
172.3	-62.1582
172.4	-62.1729
172.5	-62.1877
172.6	-62.2027
172.7	-62.2179
172.8	-62.2333
172.9	-62.2489
173	-62.2646
173.1	-62.2805
173.2	-62.2967
173.3	-62.313
173.4	-62.3295
173.5	-62.3463
173.6	-62.3632
173.7	-62.3804
173.8	-62.3977
173.9	-62.4153
174	-62.4331
174.1	-62.4512
174.2	-62.4694
174.3	-62.4879
174.4	-62.5066
174.5	-62.5255
174.6	-62.5447
174.7	-62.5641
174.8	-62.5837
174.9	-62.6036
175	-62.6237
175.1	-62.6441
175.2	-62.6647
175.3	-62.6855
175.4	-62.7066
175.5	-62.7278
175.6	-62.7494
175.7	-62.7711
175.8	-62.7931
175.9	-62.8154
176	-62.8378
176.1	-62.8605
176.2	-62.8834
176.3	-62.9065
176.4	-62.9298
176.5	-62.9533
176.6	-62.977
176.7	-63.0009
176.8	-63.025
176.9	-63.0493
177	-63.0738
177.1	-63.0984
177.2	-63.1232
177.3	-63.1481
177.4	-63.1731
177.5	-63.1983
177.6	-63.2237
177.7	-63.2491
177.8	-63.2747
177.9	-63.3003
178	-63.326
178.1	-63.3518
178.2	-63.3777
178.3	-63.4037
178.4	-63.4297
178.5	-63.4557
178.6	-63.4817
178.7	-63.5078
178.8	-63.5339
178.9	-63.56
179	-63.5861
179.1	-63.6122
179.2	-63.6382
179.3	-63.6642
179.4	-63.6902
179.5	-63.7161
179.6	-63.742
179.7	-63.7678
179.8	-63.7935
179.9	-63.8191
180	-63.8447
180.1	-63.8701
180.2	-63.8955
180.3	-63.9207
180.4	-63.9458
180.5	-63.9708
180.6	-63.9957
180.7	-64.0204
180.8	-64.045
180.9	-64.0694
181	-64.0937
181.1	-64.1178
181.2	-64.1418
181.3	-64.1656
181.4	-64.1892
181.5	-64.2127
181.6	-64.236
181.7	-64.2591
181.8	-64.282
181.9	-64.3047
182	-64.3273
182.1	-64.3496
182.2	-64.3718
182.3	-64.3937
182.4	-64.4155
182.5	-64.437
182.6	-64.4584
182.7	-64.4795
182.8	-64.5005
182.9	-64.5212
183	-64.5417
183.1	-64.562
183.2	-64.5821
183.3	-64.602
183.4	-64.6217
183.5	-64.6412
183.6	-64.6604
183.7	-64.6795
183.8	-64.6983
183.9	-64.7169
184	-64.7353
184.1	-64.7535
184.2	-64.7714
184.3	-64.7892
184.4	-64.8067
184.5	-64.824
184.6	-64.8411
184.7	-64.858
184.8	-64.8747
184.9	-64.8912
185	-64.9075
185.1	-64.9235
185.2	-64.9394
185.3	-64.955
185.4	-64.9704
185.5	-64.9857
185.6	-65.0007
185.7	-65.0155
185.8	-65.0301
185.9	-65.0445
186	-65.0587
186.1	-65.0727
186.2	-65.0866
186.3	-65.1002
186.4	-65.1136
186.5	-65.1268
186.6	-65.1399
186.7	-65.1527
186.8	-65.1654
186.9	-65.1778
187	-65.1901
187.1	-65.2022
187.2	-65.2141
187.3	-65.2259
187.4	-65.2374
187.5	-65.2488
187.6	-65.26
187.7	-65.271
187.8	-65.2818
187.9	-65.2925
188	-65.303
188.1	-65.3133
188.2	-65.3235
188.3	-65.3335
188.4	-65.3433
188.5	-65.353
188.6	-65.3625
188.7	-65.3718
188.8	-65.381
188.9	-65.3901
189	-65.3989
189.1	-65.4077
189.2	-65.4162
189.3	-65.4247
189.4	-65.4329
189.5	-65.4411
189.6	-65.449
189.7	-65.4569
189.8	-65.4646
189.9	-65.4721
190	-65.4795
190.1	-65.4868
190.2	-65.494
190.3	-65.501
190.4	-65.5079
190.5	-65.5146
190.6	-65.5212
190.7	-65.5277
190.8	-65.5341
190.9	-65.5403
191	-65.5464
191.1	-65.5524
191.2	-65.5583
191.3	-65.564
191.4	-65.5696
191.5	-65.5752
191.6	-65.5806
191.7	-65.5859
191.8	-65.591
191.9	-65.5961
192	-65.6011
192.1	-65.6059
192.2	-65.6107
192.3	-65.6153
192.4	-65.6198
192.5	-65.6243
192.6	-65.6286
192.7	-65.6328
192.8	-65.637
192.9	-65.641
193	-65.6449
193.1	-65.6488
193.2	-65.6525
193.3	-65.6562
193.4	-65.6598
193.5	-65.6633
193.6	-65.6667
193.7	-65.67
193.8	-65.6732
193.9	-65.6763
194	-65.6794
194.1	-65.6824
194.2	-65.6853
194.3	-65.6881
194.4	-65.6908
194.5	-65.6935
194.6	-65.696
194.7	-65.6985
194.8	-65.701
194.9	-65.7033
195	-65.7056
195.1	-65.7078
195.2	-65.71
195.3	-65.7121
195.4	-65.7141
195.5	-65.716
195.6	-65.7179
195.7	-65.7197
195.8	-65.7214
195.9	-65.7231
196	-65.7248
196.1	-65.7263
196.2	-65.7278
196.3	-65.7293
196.4	-65.7306
196.5	-65.732
196.6	-65.7332
196.7	-65.7345
196.8	-65.7356
196.9	-65.7367
197	-65.7378
197.1	-65.7388
197.2	-65.7397
197.3	-65.7407
197.4	-65.7415
197.5	-65.7423
197.6	-65.7431
197.7	-65.7438
197.8	-65.7444
197.9	-65.7451
198	-65.7456
198.1	-65.7462
198.2	-65.7467
198.3	-65.7471
198.4	-65.7475
198.5	-65.7479
198.6	-65.7482
198.7	-65.7485
198.8	-65.7487
198.9	-65.7489
199	-65.7491
199.1	-65.7492
199.2	-65.7493
199.3	-65.7494
199.4	-65.7494
199.5	-65.7494
199.6	-65.7494
199.7	-65.7493
199.8	-65.7492
199.9	-65.7491
200	-65.7489
200.1	-65.7487
200.2	-65.7485
200.3	-65.7482
200.4	-65.748
200.5	-65.7477
200.6	-65.7473
200.7	-65.747
200.8	-65.7466
200.9	-65.7462
201	-65.7457
201.1	-65.7452
201.2	-65.7448
201.3	-65.7442
201.4	-65.7437
201.5	-65.7432
201.6	-65.7426
201.7	-65.742
201.8	-65.7414
201.9	-65.7407
202	-65.7401
202.1	-65.7394
202.2	-65.7387
202.3	-65.738
202.4	-65.7372
202.5	-65.7365
202.6	-65.7357
202.7	-65.7349
202.8	-65.7341
202.9	-65.7333
203	-65.7325
203.1	-65.7316
203.2	-65.7307
203.3	-65.7299
203.4	-65.729
203.5	-65.7281
203.6	-65.7271
203.7	-65.7262
203.8	-65.7253
203.9	-65.7243
204	-65.7233
204.1	-65.7224
204.2	-65.7214
204.3	-65.7204
204.4	-65.7194
204.5	-65.7183
204.6	-65.7173
204.7	-65.7163
204.8	-65.7152
204.9	-65.7142
205	-65.7131
205.1	-65.712
205.2	-65.7109
205.3	-65.7099
205.4	-65.7088
205.5	-65.7077
205.6	-65.7065
205.7	-65.7054
205.8	-65.7043
205.9	-65.7032
206	-65.702
206.1	-65.7009
206.2	-65.6998
206.3	-65.6986
206.4	-65.6975
206.5	-65.6963
206.6	-65.6952
206.7	-65.694
206.8	-65.6928
206.9	-65.6917
207	-65.6905
207.1	-65.6893
207.2	-65.6881
207.3	-65.687
207.4	-65.6858
207.5	-65.6846
207.6	-65.6834
207.7	-65.6822
207.8	-65.6811
207.9	-65.6799
208	-65.6787
208.1	-65.6775
208.2	-65.6763
208.3	-65.6751
208.4	-65.6739
208.5	-65.6727
208.6	-65.6716
208.7	-65.6704
208.8	-65.6692
208.9	-65.668
209	-65.6668
209.1	-65.6656
209.2	-65.6644
209.3	-65.6633
209.4	-65.6621
209.5	-65.6609
209.6	-65.6597
209.7	-65.6586
209.8	-65.6574
209.9	-65.6562
210	-65.6551
210.1	-65.6539
210.2	-65.6527
210.3	-65.6516
210.4	-65.6504
210.5	-65.6493
210.6	-65.6481
210.7	-65.647
210.8	-65.6458
210.9	-65.6447
211	-65.6436
211.1	-65.6424
211.2	-65.6413
211.3	-65.6402
211.4	-65.6391
211.5	-65.638
211.6	-65.6369
211.7	-65.6358
211.8	-65.6347
211.9	-65.6336
212	-65.6325
212.1	-65.6314
212.2	-65.6303
212.3	-65.6292
212.4	-65.6282
212.5	-65.6271
212.6	-65.626
212.7	-65.625
212.8	-65.6239
212.9	-65.6229
213	-65.6219
213.1	-65.6208
213.2	-65.6198
213.3	-65.6188
213.4	-65.6178
213.5	-65.6168
213.6	-65.6158
213.7	-65.6148
213.8	-65.6138
213.9	-65.6128
214	-65.6118
214.1	-65.6108
214.2	-65.6099
214.3	-65.6089
214.4	-65.608
214.5	-65.607
214.6	-65.6061
214.7	-65.6051
214.8	-65.6042
214.9	-65.6033
215	-65.6024
215.1	-65.6015
215.2	-65.6006
215.3	-65.5997
215.4	-65.5988
215.5	-65.5979
215.6	-65.597
215.7	-65.5962
215.8	-65.5953
215.9	-65.5944
216	-65.5936
216.1	-65.5928
216.2	-65.5919
216.3	-65.5911
216.4	-65.5903
216.5	-65.5895
216.6	-65.5887
216.7	-65.5879
216.8	-65.5871
216.9	-65.5863
217	-65.5855
217.1	-65.5847
217.2	-65.584
217.3	-65.5832
217.4	-65.5825
217.5	-65.5817
217.6	-65.581
217.7	-65.5803
217.8	-65.5796
217.9	-65.5788
218	-65.5781
218.1	-65.5774
218.2	-65.5767
218.3	-65.5761
218.4	-65.5754
218.5	-65.5747
218.6	-65.574
218.7	-65.5734
218.8	-65.5727
218.9	-65.5721
219	-65.5715
219.1	-65.5708
219.2	-65.5702
219.3	-65.5696
219.4	-65.569
219.5	-65.5684
219.6	-65.5678
219.7	-65.5672
219.8	-65.5666
219.9	-65.5661
220	-65.5655
220.1	-65.5649
220.2	-65.5644
220.3	-65.5639
220.4	-65.5633
220.5	-65.5628
220.6	-65.5623
220.7	-65.5617
220.8	-65.5612
220.9	-65.5607
221	-65.5602
221.1	-65.5597
221.2	-65.5593
221.3	-65.5588
221.4	-65.5583
221.5	-65.5579
221.6	-65.5574
221.7	-65.557
221.8	-65.5565
221.9	-65.5561
222	-65.5556
222.1	-65.5552
222.2	-65.5548
222.3	-65.5544
222.4	-65.554
222.5	-65.5536
222.6	-65.5532
222.7	-65.5528
222.8	-65.5525
222.9	-65.5521
223	-65.5517
223.1	-65.5514
223.2	-65.551
223.3	-65.5507
223.4	-65.5503
223.5	-65.55
223.6	-65.5497
223.7	-65.5493
223.8	-65.549
223.9	-65.5487
224	-65.5484
224.1	-65.5481
224.2	-65.5478
224.3	-65.5476
224.4	-65.5473
224.5	-65.547
224.6	-65.5467
224.7	-65.5465
224.8	-65.5462
224.9	-65.546
225	-65.5457
225.1	-65.5455
225.2	-65.5453
225.3	-65.545
225.4	-65.5448
225.5	-65.5446
225.6	-65.5444
225.7	-65.5442
225.8	-65.544
225.9	-65.5438
226	-65.5436
226.1	-65.5434
226.2	-65.5433
226.3	-65.5431
226.4	-65.5429
226.5	-65.5428
226.6	-65.5426
226.7	-65.5424
226.8	-65.5423
226.9	-65.5422
227	-65.542
227.1	-65.5419
227.2	-65.5418
227.3	-65.5416
227.4	-65.5415
227.5	-65.5414
227.6	-65.5413
227.7	-65.5412
227.8	-65.5411
227.9	-65.541
228	-65.5409
228.1	-65.5409
228.2	-65.5408
228.3	-65.5407
228.4	-65.5406
228.5	-65.5406
228.6	-65.5405
228.7	-65.5405
228.8	-65.5404
228.9	-65.5404
229	-65.5403
229.1	-65.5403
229.2	-65.5403
229.3	-65.5402
229.4	-65.5402
229.5	-65.5402
229.6	-65.5402
229.7	-65.5402
229.8	-65.5402
229.9	-65.5401
230	-65.5401
230.1	-65.5402
230.2	-65.5402
230.3	-65.5402
230.4	-65.5402
230.5	-65.5402
230.6	-65.5402
230.7	-65.5403
230.8	-65.5403
230.9	-65.5403
231	-65.5404
231.1	-65.5404
231.2	-65.5405
231.3	-65.5405
231.4	-65.5406
231.5	-65.5406
231.6	-65.5407
231.7	-65.5407
231.8	-65.5408
231.9	-65.5409
232	-65.5409
232.1	-65.541
232.2	-65.5411
232.3	-65.5412
232.4	-65.5413
232.5	-65.5414
232.6	-65.5415
232.7	-65.5415
232.8	-65.5416
232.9	-65.5417
233	-65.5419
233.1	-65.542
233.2	-65.5421
233.3	-65.5422
233.4	-65.5423
233.5	-65.5424
233.6	-65.5425
233.7	-65.5427
233.8	-65.5428
233.9	-65.5429
234	-65.5431
234.1	-65.5432
234.2	-65.5433
234.3	-65.5435
234.4	-65.5436
234.5	-65.5438
234.6	-65.5439
234.7	-65.5441
234.8	-65.5442
234.9	-65.5444
235	-65.5445
235.1	-65.5447
235.2	-65.5449
235.3	-65.545
235.4	-65.5452
235.5	-65.5454
235.6	-65.5455
235.7	-65.5457
235.8	-65.5459
235.9	-65.5461
236	-65.5462
236.1	-65.5464
236.2	-65.5466
236.3	-65.5468
236.4	-65.547
236.5	-65.5472
236.6	-65.5474
236.7	-65.5476
236.8	-65.5478
236.9	-65.548
237	-65.5482
237.1	-65.5484
237.2	-65.5486
237.3	-65.5488
237.4	-65.549
237.5	-65.5492
237.6	-65.5494
237.7	-65.5496
237.8	-65.5498
237.9	-65.55
238	-65.5503
238.1	-65.5505
238.2	-65.5507
238.3	-65.5509
238.4	-65.5511
238.5	-65.5514
238.6	-65.5516
238.7	-65.5518
238.8	-65.5521
238.9	-65.5523
239	-65.5525
239.1	-65.5527
239.2	-65.553
239.3	-65.5532
239.4	-65.5535
239.5	-65.5537
239.6	-65.5539
239.7	-65.5542
239.8	-65.5544
239.9	-65.5547
240	-65.5549
240.1	-65.5552
240.2	-65.5554
240.3	-65.5556
240.4	-65.5559
240.5	-65.5561
240.6	-65.5564
240.7	-65.5566
240.8	-65.5569
240.9	-65.5572
241	-65.5574
241.1	-65.5577
241.2	-65.5579
241.3	-65.5582
241.4	-65.5584
241.5	-65.5587
241.6	-65.5589
241.7	-65.5592
241.8	-65.5595
241.9	-65.5597
242	-65.56
242.1	-65.5603
242.2	-65.5605
242.3	-65.5608
242.4	-65.5611
242.5	-65.5613
242.6	-65.5616
242.7	-65.5619
242.8	-65.5621
242.9	-65.5624
243	-65.5627
243.1	-65.5629
243.2	-65.5632
243.3	-65.5635
243.4	-65.5637
243.5	-65.564
243.6	-65.5643
243.7	-65.5646
243.8	-65.5648
243.9	-65.5651
244	-65.5654
244.1	-65.5657
244.2	-65.5659
244.3	-65.5662
244.4	-65.5665
244.5	-65.5667
244.6	-65.567
244.7	-65.5673
244.8	-65.5676
244.9	-65.5679
245	-65.5681
245.1	-65.5684
245.2	-65.5687
245.3	-65.569
245.4	-65.5692
245.5	-65.5695
245.6	-65.5698
245.7	-65.5701
245.8	-65.5704
245.9	-65.5706
246	-65.5709
246.1	-65.5712
246.2	-65.5715
246.3	-65.5718
246.4	-65.572
246.5	-65.5723
246.6	-65.5726
246.7	-65.5729
246.8	-65.5732
246.9	-65.5734
247	-65.5737
247.1	-65.574
247.2	-65.5743
247.3	-65.5746
247.4	-65.5748
247.5	-65.5751
247.6	-65.5754
247.7	-65.5757
247.8	-65.576
247.9	-65.5762
248	-65.5765
248.1	-65.5768
248.2	-65.5771
248.3	-65.5774
248.4	-65.5776
248.5	-65.5779
248.6	-65.5782
248.7	-65.5785
248.8	-65.5788
248.9	-65.579
249	-65.5793
249.1	-65.5796
249.2	-65.5799
249.3	-65.5801
249.4	-65.5804
249.5	-65.5807
249.6	-65.581
249.7	-65.5813
249.8	-65.5815
249.9	-65.5818
250	-65.5821
250.1	-65.5824
250.2	-65.5826
250.3	-65.5829
250.4	-65.5832
250.5	-65.5835
250.6	-65.5837
250.7	-65.584
250.8	-65.5843
250.9	-65.5846
251	-65.5848
251.1	-65.5851
251.2	-65.5854
251.3	-65.5857
251.4	-65.5859
251.5	-65.5862
251.6	-65.5865
251.7	-65.5868
251.8	-65.587
251.9	-65.5873
252	-65.5876
252.1	-65.5878
252.2	-65.5881
252.3	-65.5884
252.4	-65.5887
252.5	-65.5889
252.6	-65.5892
252.7	-65.5895
252.8	-65.5897
252.9	-65.59
253	-65.5903
253.1	-65.5905
253.2	-65.5908
253.3	-65.5911
253.4	-65.5913
253.5	-65.5916
253.6	-65.5919
253.7	-65.5921
253.8	-65.5924
253.9	-65.5927
254	-65.5929
254.1	-65.5932
254.2	-65.5934
254.3	-65.5937
254.4	-65.594
254.5	-65.5942
254.6	-65.5945
254.7	-65.5947
254.8	-65.595
254.9	-65.5953
255	-65.5955
255.1	-65.5958
255.2	-65.596
255.3	-65.5963
255.4	-65.5965
255.5	-65.5968
255.6	-65.5971
255.7	-65.5973
255.8	-65.5976
255.9	-65.5978
256	-65.5981
256.1	-65.5983
256.2	-65.5986
256.3	-65.5988
256.4	-65.5991
256.5	-65.5993
256.6	-65.5996
256.7	-65.5998
256.8	-65.6001
256.9	-65.6003
257	-65.6006
257.1	-65.6008
257.2	-65.6011
257.3	-65.6013
257.4	-65.6016
257.5	-65.6018
257.6	-65.6021
257.7	-65.6023
257.8	-65.6026
257.9	-65.6028
258	-65.6031
258.1	-65.6033
258.2	-65.6035
258.3	-65.6038
258.4	-65.604
258.5	-65.6043
258.6	-65.6045
258.7	-65.6047
258.8	-65.605
258.9	-65.6052
259	-65.6055
259.1	-65.6057
259.2	-65.6059
259.3	-65.6062
259.4	-65.6064
259.5	-65.6066
259.6	-65.6069
259.7	-65.6071
259.8	-65.6073
259.9	-65.6076
260	-65.6078
260.1	-65.608
260.2	-65.6083
260.3	-65.6085
260.4	-65.6087
260.5	-65.609
260.6	-65.6092
260.7	-65.6094
260.8	-65.6096
260.9	-65.6099
261	-65.6101
261.1	-65.6103
261.2	-65.6106
261.3	-65.6108
261.4	-65.611
261.5	-65.6112
261.6	-65.6115
261.7	-65.6117
261.8	-65.6119
261.9	-65.6121
262	-65.6123
262.1	-65.6126
262.2	-65.6128
262.3	-65.613
262.4	-65.6132
262.5	-65.6134
262.6	-65.6137
262.7	-65.6139
262.8	-65.6141
262.9	-65.6143
263	-65.6145
263.1	-65.6148
263.2	-65.615
263.3	-65.6152
263.4	-65.6154
263.5	-65.6156
263.6	-65.6158
263.7	-65.616
263.8	-65.6162
263.9	-65.6165
264	-65.6167
264.1	-65.6169
264.2	-65.6171
264.3	-65.6173
264.4	-65.6175
264.5	-65.6177
264.6	-65.6179
264.7	-65.6181
264.8	-65.6183
264.9	-65.6185
265	-65.6188
265.1	-65.619
265.2	-65.6192
265.3	-65.6194
265.4	-65.6196
265.5	-65.6198
265.6	-65.62
265.7	-65.6202
265.8	-65.6204
265.9	-65.6206
266	-65.6208
266.1	-65.621
266.2	-65.6212
266.3	-65.6214
266.4	-65.6216
266.5	-65.6218
266.6	-65.622
266.7	-65.6222
266.8	-65.6224
266.9	-65.6226
267	-65.6228
267.1	-65.623
267.2	-65.6231
267.3	-65.6233
267.4	-65.6235
267.5	-65.6237
267.6	-65.6239
267.7	-65.6241
267.8	-65.6243
267.9	-65.6245
268	-65.6247
268.1	-65.6249
268.2	-65.6251
268.3	-65.6253
268.4	-65.6254
268.5	-65.6256
268.6	-65.6258
268.7	-65.626
268.8	-65.6262
268.9	-65.6264
269	-65.6266
269.1	-65.6268
269.2	-65.6269
269.3	-65.6271
269.4	-65.6273
269.5	-65.6275
269.6	-65.6277
269.7	-65.6279
269.8	-65.628
269.9	-65.6282
270	-65.6284
270.1	-65.6286
270.2	-65.6288
270.3	-65.6289
270.4	-65.6291
270.5	-65.6293
270.6	-65.6295
270.7	-65.6297
270.8	-65.6298
270.9	-65.63
271	-65.6302
271.1	-65.6304
271.2	-65.6305
271.3	-65.6307
271.4	-65.6309
271.5	-65.6311
271.6	-65.6312
271.7	-65.6314
271.8	-65.6316
271.9	-65.6318
272	-65.6319
272.1	-65.6321
272.2	-65.6323
272.3	-65.6324
272.4	-65.6326
272.5	-65.6328
272.6	-65.633
272.7	-65.6331
272.8	-65.6333
272.9	-65.6335
273	-65.6336
273.1	-65.6338
273.2	-65.634
273.3	-65.6341
273.4	-65.6343
273.5	-65.6345
273.6	-65.6346
273.7	-65.6348
273.8	-65.635
273.9	-65.6351
274	-65.6353
274.1	-65.6355
274.2	-65.6356
274.3	-65.6358
274.4	-65.6359
274.5	-65.6361
274.6	-65.6363
274.7	-65.6364
274.8	-65.6366
274.9	-65.6367
275	-65.6369
275.1	-65.6371
275.2	-65.6372
275.3	-65.6374
275.4	-65.6376
275.5	-65.6377
275.6	-65.6379
275.7	-65.638
275.8	-65.6382
275.9	-65.6383
276	-65.6385
276.1	-65.6386
276.2	-65.6388
276.3	-65.639
276.4	-65.6391
276.5	-65.6393
276.6	-65.6394
276.7	-65.6396
276.8	-65.6397
276.9	-65.6399
277	-65.64
277.1	-65.6402
277.2	-65.6403
277.3	-65.6405
277.4	-65.6406
277.5	-65.6408
277.6	-65.6409
277.7	-65.6411
277.8	-65.6413
277.9	-65.6414
278	-65.6415
278.1	-65.6417
278.2	-65.6418
278.3	-65.642
278.4	-65.6421
278.5	-65.6423
278.6	-65.6424
278.7	-65.6426
278.8	-65.6427
278.9	-65.6429
279	-65.643
279.1	-65.6432
279.2	-65.6433
279.3	-65.6435
279.4	-65.6436
279.5	-65.6438
279.6	-65.6439
279.7	-65.644
279.8	-65.6442
279.9	-65.6443
280	-65.6445
280.1	-65.6446
280.2	-65.6448
280.3	-65.6449
280.4	-65.645
280.5	-65.6452
280.6	-65.6453
280.7	-65.6455
280.8	-65.6456
280.9	-65.6457
281	-65.6459
281.1	-65.646
281.2	-65.6462
281.3	-65.6463
281.4	-65.6464
281.5	-65.6466
281.6	-65.6467
281.7	-65.6469
281.8	-65.647
281.9	-65.6471
282	-65.6473
282.1	-65.6474
282.2	-65.6475
282.3	-65.6477
282.4	-65.6478
282.5	-65.6479
282.6	-65.6481
282.7	-65.6482
282.8	-65.6484
282.9	-65.6485
283	-65.6486
283.1	-65.6488
283.2	-65.6489
283.3	-65.649
283.4	-65.6492
283.5	-65.6493
283.6	-65.6494
283.7	-65.6496
283.8	-65.6497
283.9	-65.6498
284	-65.65
284.1	-65.6501
284.2	-65.6502
284.3	-65.6504
284.4	-65.6505
284.5	-65.6506
284.6	-65.6507
284.7	-65.6509
284.8	-65.651
284.9	-65.6511
285	-65.6513
285.1	-65.6514
285.2	-65.6515
285.3	-65.6516
285.4	-65.6518
285.5	-65.6519
285.6	-65.652
285.7	-65.6522
285.8	-65.6523
285.9	-65.6524
286	-65.6525
286.1	-65.6527
286.2	-65.6528
286.3	-65.6529
286.4	-65.653
286.5	-65.6532
286.6	-65.6533
286.7	-65.6534
286.8	-65.6535
286.9	-65.6537
287	-65.6538
287.1	-65.6539
287.2	-65.654
287.3	-65.6542
287.4	-65.6543
287.5	-65.6544
287.6	-65.6545
287.7	-65.6547
287.8	-65.6548
287.9	-65.6549
288	-65.655
288.1	-65.6552
288.2	-65.6553
288.3	-65.6554
288.4	-65.6555
288.5	-65.6556
288.6	-65.6558
288.7	-65.6559
288.8	-65.656
288.9	-65.6561
289	-65.6562
289.1	-65.6564
289.2	-65.6565
289.3	-65.6566
289.4	-65.6567
289.5	-65.6568
289.6	-65.657
289.7	-65.6571
289.8	-65.6572
289.9	-65.6573
290	-65.6574
290.1	-65.6575
290.2	-65.6577
290.3	-65.6578
290.4	-65.6579
290.5	-65.658
290.6	-65.6581
290.7	-65.6582
290.8	-65.6584
290.9	-65.6585
291	-65.6586
291.1	-65.6587
291.2	-65.6588
291.3	-65.6589
291.4	-65.659
291.5	-65.6592
291.6	-65.6593
291.7	-65.6594
291.8	-65.6595
291.9	-65.6596
292	-65.6597
292.1	-65.6599
292.2	-65.66
292.3	-65.6601
292.4	-65.6602
292.5	-65.6603
292.6	-65.6604
292.7	-65.6605
292.8	-65.6606
292.9	-65.6608
293	-65.6609
293.1	-65.661
293.2	-65.6611
293.3	-65.6612
293.4	-65.6613
293.5	-65.6614
293.6	-65.6615
293.7	-65.6616
293.8	-65.6618
293.9	-65.6619
294	-65.662
294.1	-65.6621
294.2	-65.6622
294.3	-65.6623
294.4	-65.6624
294.5	-65.6625
294.6	-65.6626
294.7	-65.6627
294.8	-65.6628
294.9	-65.663
295	-65.6631
295.1	-65.6632
295.2	-65.6633
295.3	-65.6634
295.4	-65.6635
295.5	-65.6636
295.6	-65.6637
295.7	-65.6638
295.8	-65.6639
295.9	-65.664
296	-65.6641
296.1	-65.6643
296.2	-65.6644
296.3	-65.6645
296.4	-65.6646
296.5	-65.6647
296.6	-65.6648
296.7	-65.6649
296.8	-65.665
296.9	-65.6651
297	-65.6652
297.1	-65.6653
297.2	-65.6654
297.3	-65.6655
297.4	-65.6656
297.5	-65.6657
297.6	-65.6658
297.7	-65.6659
297.8	-65.666
297.9	-65.6661
298	-65.6662
298.1	-65.6663
298.2	-65.6665
298.3	-65.6665
298.4	-65.6667
298.5	-65.6668
298.6	-65.6669
298.7	-65.667
298.8	-65.6671
298.9	-65.6672
299	-65.6673
299.1	-65.6674
299.2	-65.6675
299.3	-65.6676
299.4	-65.6677
299.5	-65.6678
299.6	-65.6679
299.7	-65.668
299.8	-65.6681
299.9	-65.6682
300	-65.6683
