label:apic[14].v(0.5)
3001
0	-70
0.1	-70.0506
0.2	-70.1009
0.3	-70.151
0.4	-70.2009
0.5	-70.2506
0.6	-70.3001
0.7	-70.3493
0.8	-70.3984
0.9	-70.4472
1	-70.4957
1.1	-70.5441
1.2	-70.5922
1.3	-70.6401
1.4	-70.6877
1.5	-70.7351
1.6	-70.7823
1.7	-70.8292
1.8	-70.8759
1.9	-70.9224
2	-70.9687
2.1	-71.0147
2.2	-71.0605
2.3	-71.106
2.4	-71.1513
2.5	-71.1964
2.6	-71.2413
2.7	-71.2859
2.8	-71.3304
2.9	-71.3745
3	-71.4185
3.1	-71.4623
3.2	-71.5058
3.3	-71.5491
3.4	-71.5921
3.5	-71.635
3.6	-71.6776
3.7	-71.72
3.8	-71.7622
3.9	-71.8042
4	-71.846
4.1	-71.8876
4.2	-71.9289
4.3	-71.97
4.4	-72.0109
4.5	-72.0516
4.6	-72.0921
4.7	-72.1324
4.8	-72.1725
4.9	-72.2124
5	-72.2521
5.1	-72.2915
5.2	-72.3308
5.3	-72.3698
5.4	-72.4087
5.5	-72.4473
5.6	-72.4858
5.7	-72.5241
5.8	-72.5621
5.9	-72.6
6	-72.6376
6.1	-72.6751
6.2	-72.7124
6.3	-72.7495
6.4	-72.7864
6.5	-72.8231
6.6	-72.8596
6.7	-72.8959
6.8	-72.9321
6.9	-72.968
7	-73.0038
7.1	-73.0393
7.2	-73.0747
7.3	-73.1099
7.4	-73.145
7.5	-73.1798
7.6	-73.2145
7.7	-73.249
7.8	-73.2833
7.9	-73.3174
8	-73.3514
8.1	-73.3851
8.2	-73.4187
8.3	-73.4522
8.4	-73.4854
8.5	-73.5185
8.6	-73.5514
8.7	-73.5841
8.8	-73.6167
8.9	-73.6491
9	-73.6813
9.1	-73.7134
9.2	-73.7453
9.3	-73.777
9.4	-73.8086
9.5	-73.84
9.6	-73.8713
9.7	-73.9023
9.8	-73.9333
9.9	-73.964
10	-73.9946
10.1	-74.025
10.2	-74.0553
10.3	-74.0855
10.4	-74.1154
10.5	-74.1452
10.6	-74.1749
10.7	-74.2044
10.8	-74.2337
10.9	-74.2629
11	-74.292
11.1	-74.3209
11.2	-74.3496
11.3	-74.3782
11.4	-74.4067
11.5	-74.435
11.6	-74.4632
11.7	-74.4912
11.8	-74.519
11.9	-74.5468
12	-74.5743
12.1	-74.6018
12.2	-74.6291
12.3	-74.6562
12.4	-74.6832
12.5	-74.7101
12.6	-74.7368
12.7	-74.7634
12.8	-74.7899
12.9	-74.8162
13	-74.8424
13.1	-74.8684
13.2	-74.8943
13.3	-74.9201
13.4	-74.9457
13.5	-74.9713
13.6	-74.9966
13.7	-75.0219
13.8	-75.047
13.9	-75.072
14	-75.0969
14.1	-75.1216
14.2	-75.1462
14.3	-75.1707
14.4	-75.195
14.5	-75.2192
14.6	-75.2433
14.7	-75.2673
14.8	-75.2912
14.9	-75.3149
15	-75.3385
15.1	-75.362
15.2	-75.3853
15.3	-75.4086
15.4	-75.4317
15.5	-75.4547
15.6	-75.4776
15.7	-75.5003
15.8	-75.523
15.9	-75.5455
16	-75.5679
16.1	-75.5902
16.2	-75.6124
16.3	-75.6345
16.4	-75.6564
16.5	-75.6783
16.6	-75.7
16.7	-75.7216
16.8	-75.7431
16.9	-75.7645
17	-75.7858
17.1	-75.807
17.2	-75.8281
17.3	-75.849
17.4	-75.8699
17.5	-75.8906
17.6	-75.9112
17.7	-75.9318
17.8	-75.9522
17.9	-75.9725
18	-75.9927
18.1	-76.0128
18.2	-76.0329
18.3	-76.0528
18.4	-76.0726
18.5	-76.0923
18.6	-76.1119
18.7	-76.1314
18.8	-76.1508
18.9	-76.1701
19	-76.1893
19.1	-76.2084
19.2	-76.2274
19.3	-76.2463
19.4	-76.2651
19.5	-76.2838
19.6	-76.3024
19.7	-76.3209
19.8	-76.3393
19.9	-76.3577
20	-76.3759
20.1	-76.3941
20.2	-76.4121
20.3	-76.4301
20.4	-76.4479
20.5	-76.4657
20.6	-76.4834
20.7	-76.501
20.8	-76.5185
20.9	-76.5359
21	-76.5532
21.1	-76.5704
21.2	-76.5876
21.3	-76.6047
21.4	-76.6216
21.5	-76.6385
21.6	-76.6553
21.7	-76.672
21.8	-76.6887
21.9	-76.7052
22	-76.7216
22.1	-76.738
22.2	-76.7543
22.3	-76.7705
22.4	-76.7866
22.5	-76.8027
22.6	-76.8186
22.7	-76.8345
22.8	-76.8503
22.9	-76.866
23	-76.8817
23.1	-76.8972
23.2	-76.9127
23.3	-76.9281
23.4	-76.9434
23.5	-76.9586
23.6	-76.9738
23.7	-76.9889
23.8	-77.0039
23.9	-77.0188
24	-77.0337
24.1	-77.0484
24.2	-77.0631
24.3	-77.0778
24.4	-77.0923
24.5	-77.1068
24.6	-77.1212
24.7	-77.1355
24.8	-77.1498
24.9	-77.164
25	-77.1781
25.1	-77.1921
25.2	-77.2061
25.3	-77.22
25.4	-77.2338
25.5	-77.2476
25.6	-77.2613
25.7	-77.2749
25.8	-77.2885
25.9	-77.3019
26	-77.3153
26.1	-77.3287
26.2	-77.342
26.3	-77.3552
26.4	-77.3683
26.5	-77.3814
26.6	-77.3944
26.7	-77.4073
26.8	-77.4202
26.9	-77.433
27	-77.4457
27.1	-77.4584
27.2	-77.471
27.3	-77.4836
27.4	-77.4961
27.5	-77.5085
27.6	-77.5209
27.7	-77.5331
27.8	-77.5454
27.9	-77.5576
28	-77.5697
28.1	-77.5817
28.2	-77.5937
28.3	-77.6056
28.4	-77.6175
28.5	-77.6293
28.6	-77.641
28.7	-77.6527
28.8	-77.6644
28.9	-77.6759
29	-77.6874
29.1	-77.6989
29.2	-77.7103
29.3	-77.7216
29.4	-77.7329
29.5	-77.7441
29.6	-77.7553
29.7	-77.7664
29.8	-77.7774
29.9	-77.7884
30	-77.7993
30.1	-77.8102
30.2	-77.8211
30.3	-77.8318
30.4	-77.8425
30.5	-77.8532
30.6	-77.8638
30.7	-77.8744
30.8	-77.8849
30.9	-77.8953
31	-77.9057
31.1	-77.916
31.2	-77.9263
31.3	-77.9366
31.4	-77.9468
31.5	-77.9569
31.6	-77.967
31.7	-77.977
31.8	-77.987
31.9	-77.9969
32	-78.0068
32.1	-78.0166
32.2	-78.0264
32.3	-78.0361
32.4	-78.0458
32.5	-78.0555
32.6	-78.065
32.7	-78.0746
32.8	-78.0841
32.9	-78.0935
33	-78.1029
33.1	-78.1122
33.2	-78.1215
33.3	-78.1308
33.4	-78.14
33.5	-78.1491
33.6	-78.1582
33.7	-78.1673
33.8	-78.1763
33.9	-78.1853
34	-78.1942
34.1	-78.2031
34.2	-78.2119
34.3	-78.2207
34.4	-78.2295
34.5	-78.2382
34.6	-78.2468
34.7	-78.2554
34.8	-78.264
34.9	-78.2725
35	-78.281
35.1	-78.2895
35.2	-78.2979
35.3	-78.3062
35.4	-78.3145
35.5	-78.3228
35.6	-78.331
35.7	-78.3392
35.8	-78.3474
35.9	-78.3555
36	-78.3635
36.1	-78.3716
36.2	-78.3795
36.3	-78.3875
36.4	-78.3954
36.5	-78.4033
36.6	-78.4111
36.7	-78.4189
36.8	-78.4266
36.9	-78.4343
37	-78.442
37.1	-78.4496
37.2	-78.4572
37.3	-78.4647
37.4	-78.4723
37.5	-78.4797
37.6	-78.4872
37.7	-78.4946
37.8	-78.5019
37.9	-78.5093
38	-78.5165
38.1	-78.5238
38.2	-78.531
38.3	-78.5382
38.4	-78.5453
38.5	-78.5524
38.6	-78.5595
38.7	-78.5665
38.8	-78.5735
38.9	-78.5805
39	-78.5874
39.1	-78.5943
39.2	-78.6012
39.3	-78.608
39.4	-78.6148
39.5	-78.6215
39.6	-78.6283
39.7	-78.6349
39.8	-78.6416
39.9	-78.6482
40	-78.6548
40.1	-78.6614
40.2	-78.6679
40.3	-78.6744
40.4	-78.6808
40.5	-78.6872
40.6	-78.6936
40.7	-78.7
40.8	-78.7063
40.9	-78.7126
41	-78.7189
41.1	-78.7251
41.2	-78.7313
41.3	-78.7375
41.4	-78.7436
41.5	-78.7497
41.6	-78.7558
41.7	-78.7618
41.8	-78.7678
41.9	-78.7738
42	-78.7798
42.1	-78.7857
42.2	-78.7916
42.3	-78.7974
42.4	-78.8033
42.5	-78.8091
42.6	-78.8149
42.7	-78.8206
42.8	-78.8263
42.9	-78.832
43	-78.8377
43.1	-78.8433
43.2	-78.8489
43.3	-78.8545
43.4	-78.86
43.5	-78.8655
43.6	-78.871
43.7	-78.8765
43.8	-78.8819
43.9	-78.8873
44	-78.8927
44.1	-78.8981
44.2	-78.9034
44.3	-78.9087
44.4	-78.914
44.5	-78.9192
44.6	-78.9244
44.7	-78.9296
44.8	-78.9348
44.9	-78.9399
45	-78.945
45.1	-78.9501
45.2	-78.9552
45.3	-78.9602
45.4	-78.9652
45.5	-78.9702
45.6	-78.9752
45.7	-78.9801
45.8	-78.9851
45.9	-78.9899
46	-78.9948
46.1	-78.9996
46.2	-79.0045
46.3	-79.0092
46.4	-79.014
46.5	-79.0188
46.6	-79.0235
46.7	-79.0282
46.8	-79.0328
46.9	-79.0375
47	-79.0421
47.1	-79.0467
47.2	-79.0513
47.3	-79.0558
47.4	-79.0604
47.5	-79.0649
47.6	-79.0694
47.7	-79.0738
47.8	-79.0783
47.9	-79.0827
48	-79.0871
48.1	-79.0915
48.2	-79.0958
48.3	-79.1001
48.4	-79.1045
48.5	-79.1087
48.6	-79.113
48.7	-79.1172
48.8	-79.1215
48.9	-79.1257
49	-79.1299
49.1	-79.134
49.2	-79.1381
49.3	-79.1423
49.4	-79.1464
49.5	-79.1504
49.6	-79.1545
49.7	-79.1585
49.8	-79.1625
49.9	-79.1665
50	-79.1705
50.1	-79.1745
50.2	-79.1784
50.3	-79.1823
50.4	-79.1862
50.5	-79.1901
50.6	-79.1939
50.7	-79.1978
50.8	-79.2016
50.9	-79.2054
51	-79.2092
51.1	-79.2129
51.2	-79.2167
51.3	-79.2204
51.4	-79.2241
51.5	-79.2278
51.6	-79.2314
51.7	-79.2351
51.8	-79.2387
51.9	-79.2423
52	-79.2459
52.1	-79.2495
52.2	-79.2531
52.3	-79.2566
52.4	-79.2601
52.5	-79.2636
52.6	-79.2671
52.7	-79.2706
52.8	-79.274
52.9	-79.2775
53	-79.2809
53.1	-79.2843
53.2	-79.2877
53.3	-79.291
53.4	-79.2944
53.5	-79.2977
53.6	-79.301
53.7	-79.3043
53.8	-79.3076
53.9	-79.3109
54	-79.3141
54.1	-79.3173
54.2	-79.3206
54.3	-79.3238
54.4	-79.3269
54.5	-79.3301
54.6	-79.3333
54.7	-79.3364
54.8	-79.3395
54.9	-79.3426
55	-79.3457
55.1	-79.3488
55.2	-79.3518
55.3	-79.3549
55.4	-79.3579
55.5	-79.3609
55.6	-79.3639
55.7	-79.3669
55.8	-79.3699
55.9	-79.3728
56	-79.3758
56.1	-79.3787
56.2	-79.3816
56.3	-79.3845
56.4	-79.3874
56.5	-79.3902
56.6	-79.3931
56.7	-79.3959
56.8	-79.3987
56.9	-79.4015
57	-79.4043
57.1	-79.4071
57.2	-79.4099
57.3	-79.4126
57.4	-79.4154
57.5	-79.4181
57.6	-79.4208
57.7	-79.4235
57.8	-79.4262
57.9	-79.4288
58	-79.4315
58.1	-79.4341
58.2	-79.4368
58.3	-79.4394
58.4	-79.442
58.5	-79.4446
58.6	-79.4471
58.7	-79.4497
58.8	-79.4523
58.9	-79.4548
59	-79.4573
59.1	-79.4598
59.2	-79.4623
59.3	-79.4648
59.4	-79.4673
59.5	-79.4697
59.6	-79.4722
59.7	-79.4746
59.8	-79.4771
59.9	-79.4795
60	-79.4819
60.1	-79.4843
60.2	-79.4866
60.3	-79.489
60.4	-79.4914
60.5	-79.4937
60.6	-79.496
60.7	-79.4983
60.8	-79.5006
60.9	-79.5029
61	-79.5052
61.1	-79.5075
61.2	-79.5098
61.3	-79.512
61.4	-79.5142
61.5	-79.5165
61.6	-79.5187
61.7	-79.5209
61.8	-79.5231
61.9	-79.5253
62	-79.5274
62.1	-79.5296
62.2	-79.5317
62.3	-79.5339
62.4	-79.536
62.5	-79.5381
62.6	-79.5402
62.7	-79.5423
62.8	-79.5444
62.9	-79.5465
63	-79.5485
63.1	-79.5506
63.2	-79.5526
63.3	-79.5547
63.4	-79.5567
63.5	-79.5587
63.6	-79.5607
63.7	-79.5627
63.8	-79.5647
63.9	-79.5667
64	-79.5686
64.1	-79.5706
64.2	-79.5725
64.3	-79.5745
64.4	-79.5764
64.5	-79.5783
64.6	-79.5802
64.7	-79.5821
64.8	-79.584
64.9	-79.5859
65	-79.5877
65.1	-79.5896
65.2	-79.5914
65.3	-79.5933
65.4	-79.5951
65.5	-79.5969
65.6	-79.5987
65.7	-79.6005
65.8	-79.6023
65.9	-79.6041
66	-79.6059
66.1	-79.6076
66.2	-79.6094
66.3	-79.6111
66.4	-79.6129
66.5	-79.6146
66.6	-79.6163
66.7	-79.618
66.8	-79.6198
66.9	-79.6214
67	-79.6231
67.1	-79.6248
67.2	-79.6265
67.3	-79.6281
67.4	-79.6298
67.5	-79.6314
67.6	-79.6331
67.7	-79.6347
67.8	-79.6363
67.9	-79.6379
68	-79.6395
68.1	-79.6411
68.2	-79.6427
68.3	-79.6443
68.4	-79.6459
68.5	-79.6474
68.6	-79.649
68.7	-79.6506
68.8	-79.6521
68.9	-79.6536
69	-79.6552
69.1	-79.6567
69.2	-79.6582
69.3	-79.6597
69.4	-79.6612
69.5	-79.6627
69.6	-79.6641
69.7	-79.6656
69.8	-79.6671
69.9	-79.6685
70	-79.67
70.1	-79.6714
70.2	-79.6729
70.3	-79.6743
70.4	-79.6757
70.5	-79.6771
70.6	-79.6786
70.7	-79.68
70.8	-79.6813
70.9	-79.6827
71	-79.6841
71.1	-79.6855
71.2	-79.6869
71.3	-79.6882
71.4	-79.6896
71.5	-79.6909
71.6	-79.6922
71.7	-79.6936
71.8	-79.6949
71.9	-79.6962
72	-79.6975
72.1	-79.6988
72.2	-79.7001
72.3	-79.7014
72.4	-79.7027
72.5	-79.704
72.6	-79.7053
72.7	-79.7065
72.8	-79.7078
72.9	-79.709
73	-79.7103
73.1	-79.7115
73.2	-79.7128
73.3	-79.714
73.4	-79.7152
73.5	-79.7164
73.6	-79.7177
73.7	-79.7188
73.8	-79.72
73.9	-79.7212
74	-79.7224
74.1	-79.7236
74.2	-79.7248
74.3	-79.726
74.4	-79.7271
74.5	-79.7283
74.6	-79.7294
74.7	-79.7306
74.8	-79.7317
74.9	-79.7328
75	-79.734
75.1	-79.7351
75.2	-79.7362
75.3	-79.7373
75.4	-79.7384
75.5	-79.7395
75.6	-79.7406
75.7	-79.7417
75.8	-79.7428
75.9	-79.7439
76	-79.7449
76.1	-79.746
76.2	-79.7471
76.3	-79.7481
76.4	-79.7492
76.5	-79.7502
76.6	-79.7513
76.7	-79.7523
76.8	-79.7533
76.9	-79.7544
77	-79.7554
77.1	-79.7564
77.2	-79.7574
77.3	-79.7584
77.4	-79.7594
77.5	-79.7604
77.6	-79.7614
77.7	-79.7624
77.8	-79.7634
77.9	-79.7643
78	-79.7653
78.1	-79.7663
78.2	-79.7672
78.3	-79.7682
78.4	-79.7691
78.5	-79.7701
78.6	-79.771
78.7	-79.772
78.8	-79.7729
78.9	-79.7738
79	-79.7747
79.1	-79.7757
79.2	-79.7766
79.3	-79.7775
79.4	-79.7784
79.5	-79.7793
79.6	-79.7802
79.7	-79.7811
79.8	-79.782
79.9	-79.7828
80	-79.7837
80.1	-79.7846
80.2	-79.7854
80.3	-79.7863
80.4	-79.7872
80.5	-79.788
80.6	-79.7889
80.7	-79.7897
80.8	-79.7906
80.9	-79.7914
81	-79.7922
81.1	-79.7931
81.2	-79.7939
81.3	-79.7947
81.4	-79.7955
81.5	-79.7963
81.6	-79.7972
81.7	-79.798
81.8	-79.7988
81.9	-79.7996
82	-79.8004
82.1	-79.8011
82.2	-79.8019
82.3	-79.8027
82.4	-79.8035
82.5	-79.8043
82.6	-79.805
82.7	-79.8058
82.8	-79.8066
82.9	-79.8073
83	-79.8081
83.1	-79.8088
83.2	-79.8096
83.3	-79.8103
83.4	-79.8111
83.5	-79.8118
83.6	-79.8125
83.7	-79.8132
83.8	-79.814
83.9	-79.8147
84	-79.8154
84.1	-79.8161
84.2	-79.8168
84.3	-79.8175
84.4	-79.8182
84.5	-79.8189
84.6	-79.8196
84.7	-79.8203
84.8	-79.821
84.9	-79.8217
85	-79.8224
85.1	-79.8231
85.2	-79.8237
85.3	-79.8244
85.4	-79.8251
85.5	-79.8257
85.6	-79.8264
85.7	-79.8271
85.8	-79.8277
85.9	-79.8284
86	-79.829
86.1	-79.8297
86.2	-79.8303
86.3	-79.8309
86.4	-79.8316
86.5	-79.8322
86.6	-79.8328
86.7	-79.8335
86.8	-79.8341
86.9	-79.8347
87	-79.8353
87.1	-79.8359
87.2	-79.8365
87.3	-79.8372
87.4	-79.8378
87.5	-79.8384
87.6	-79.839
87.7	-79.8396
87.8	-79.8401
87.9	-79.8407
88	-79.8413
88.1	-79.8419
88.2	-79.8425
88.3	-79.8431
88.4	-79.8436
88.5	-79.8442
88.6	-79.8448
88.7	-79.8454
88.8	-79.8459
88.9	-79.8465
89	-79.847
89.1	-79.8476
89.2	-79.8481
89.3	-79.8487
89.4	-79.8492
89.5	-79.8498
89.6	-79.8503
89.7	-79.8509
89.8	-79.8514
89.9	-79.8519
90	-79.8525
90.1	-79.853
90.2	-79.8535
90.3	-79.854
90.4	-79.8546
90.5	-79.8551
90.6	-79.8556
90.7	-79.8561
90.8	-79.8566
90.9	-79.8571
91	-79.8576
91.1	-79.8581
91.2	-79.8586
91.3	-79.8591
91.4	-79.8596
91.5	-79.8601
91.6	-79.8606
91.7	-79.8611
91.8	-79.8616
91.9	-79.862
92	-79.8625
92.1	-79.863
92.2	-79.8635
92.3	-79.8639
92.4	-79.8644
92.5	-79.8649
92.6	-79.8653
92.7	-79.8658
92.8	-79.8663
92.9	-79.8667
93	-79.8672
93.1	-79.8676
93.2	-79.8681
93.3	-79.8685
93.4	-79.869
93.5	-79.8694
93.6	-79.8699
93.7	-79.8703
93.8	-79.8708
93.9	-79.8712
94	-79.8716
94.1	-79.8721
94.2	-79.8725
94.3	-79.8729
94.4	-79.8733
94.5	-79.8738
94.6	-79.8742
94.7	-79.8746
94.8	-79.875
94.9	-79.8754
95	-79.8758
95.1	-79.8763
95.2	-79.8767
95.3	-79.8771
95.4	-79.8775
95.5	-79.8779
95.6	-79.8783
95.7	-79.8787
95.8	-79.8791
95.9	-79.8795
96	-79.8799
96.1	-79.8802
96.2	-79.8806
96.3	-79.881
96.4	-79.8814
96.5	-79.8818
96.6	-79.8822
96.7	-79.8825
96.8	-79.8829
96.9	-79.8833
97	-79.8837
97.1	-79.884
97.2	-79.8844
97.3	-79.8848
97.4	-79.8851
97.5	-79.8855
97.6	-79.8859
97.7	-79.8862
97.8	-79.8866
97.9	-79.8869
98	-79.8873
98.1	-79.8876
98.2	-79.888
98.3	-79.8884
98.4	-79.8887
98.5	-79.889
98.6	-79.8894
98.7	-79.8897
98.8	-79.8901
98.9	-79.8904
99	-79.8907
99.1	-79.8911
99.2	-79.8914
99.3	-79.8918
99.4	-79.8921
99.5	-79.8924
99.6	-79.8927
99.7	-79.8931
99.8	-79.8934
99.9	-79.8937
100	-79.894
100.1	-79.8897
100.2	-79.875
100.3	-79.8464
100.4	-79.8039
100.5	-79.7491
100.6	-79.6846
100.7	-79.6128
100.8	-79.5362
100.9	-79.4566
101	-79.3756
101.1	-79.2942
101.2	-79.2133
101.3	-79.1335
101.4	-79.0554
101.5	-78.9793
101.6	-78.9054
101.7	-78.8338
101.8	-78.7648
101.9	-78.6983
102	-78.6344
102.1	-78.5731
102.2	-78.5145
102.3	-78.4585
102.4	-78.405
102.5	-78.3541
102.6	-78.3057
102.7	-78.2597
102.8	-78.2161
102.9	-78.1749
103	-78.136
103.1	-78.0993
103.2	-78.0647
103.3	-78.0323
103.4	-78.0019
103.5	-77.9735
103.6	-77.947
103.7	-77.9223
103.8	-77.8995
103.9	-77.8784
104	-77.859
104.1	-77.8411
104.2	-77.8249
104.3	-77.8102
104.4	-77.7968
104.5	-77.7849
104.6	-77.7744
104.7	-77.7651
104.8	-77.757
104.9	-77.7501
105	-77.7444
105.1	-77.7397
105.2	-77.7361
105.3	-77.7335
105.4	-77.7318
105.5	-77.731
105.6	-77.7311
105.7	-77.732
105.8	-77.7336
105.9	-77.7361
106	-77.7392
106.1	-77.743
106.2	-77.7474
106.3	-77.7524
106.4	-77.758
106.5	-77.7641
106.6	-77.7707
106.7	-77.7778
106.8	-77.7854
106.9	-77.7933
107	-77.8017
107.1	-77.8104
107.2	-77.8195
107.3	-77.8289
107.4	-77.8385
107.5	-77.8485
107.6	-77.8587
107.7	-77.8692
107.8	-77.8798
107.9	-77.8907
108	-77.9017
108.1	-77.9129
108.2	-77.9243
108.3	-77.9358
108.4	-77.9474
108.5	-77.9591
108.6	-77.9709
108.7	-77.9828
108.8	-77.9947
108.9	-78.0067
109	-78.0188
109.1	-78.0308
109.2	-78.043
109.3	-78.0551
109.4	-78.0672
109.5	-78.0793
109.6	-78.0915
109.7	-78.1036
109.8	-78.1156
109.9	-78.1277
110	-78.1397
110.1	-78.1517
110.2	-78.1636
110.3	-78.1755
110.4	-78.1873
110.5	-78.1991
110.6	-78.2108
110.7	-78.2224
110.8	-78.234
110.9	-78.2455
111	-78.2569
111.1	-78.2682
111.2	-78.2794
111.3	-78.2906
111.4	-78.3016
111.5	-78.3126
111.6	-78.3235
111.7	-78.3343
111.8	-78.345
111.9	-78.3556
112	-78.3661
112.1	-78.3765
112.2	-78.3868
112.3	-78.397
112.4	-78.4071
112.5	-78.4171
112.6	-78.427
112.7	-78.4368
112.8	-78.4465
112.9	-78.4561
113	-78.4656
113.1	-78.475
113.2	-78.4843
113.3	-78.4935
113.4	-78.5026
113.5	-78.5116
113.6	-78.5205
113.7	-78.5293
113.8	-78.538
113.9	-78.5466
114	-78.5551
114.1	-78.5635
114.2	-78.5718
114.3	-78.58
114.4	-78.5881
114.5	-78.5961
114.6	-78.604
114.7	-78.6119
114.8	-78.6196
114.9	-78.6273
115	-78.6348
115.1	-78.6423
115.2	-78.6497
115.3	-78.657
115.4	-78.6642
115.5	-78.6714
115.6	-78.6784
115.7	-78.6854
115.8	-78.6923
115.9	-78.6991
116	-78.7058
116.1	-78.7124
116.2	-78.719
116.3	-78.7255
116.4	-78.7319
116.5	-78.7382
116.6	-78.7445
116.7	-78.7507
116.8	-78.7568
116.9	-78.7629
117	-78.7689
117.1	-78.7748
117.2	-78.7806
117.3	-78.7864
117.4	-78.7921
117.5	-78.7978
117.6	-78.8033
117.7	-78.8089
117.8	-78.8143
117.9	-78.8197
118	-78.8251
118.1	-78.8303
118.2	-78.8356
118.3	-78.8407
118.4	-78.8458
118.5	-78.8509
118.6	-78.8559
118.7	-78.8608
118.8	-78.8657
118.9	-78.8706
119	-78.8753
119.1	-78.8801
119.2	-78.8848
119.3	-78.8894
119.4	-78.894
119.5	-78.8985
119.6	-78.903
119.7	-78.9075
119.8	-78.9119
119.9	-78.9162
120	-78.9206
120.1	-78.9203
120.2	-78.9097
120.3	-78.8853
120.4	-78.8466
120.5	-78.795
120.6	-78.7328
120.7	-78.6624
120.8	-78.5859
120.9	-78.5052
121	-78.4217
121.1	-78.3366
121.2	-78.2508
121.3	-78.1649
121.4	-78.0794
121.5	-77.9948
121.6	-77.9112
121.7	-77.829
121.8	-77.7482
121.9	-77.6691
122	-77.5916
122.1	-77.5159
122.2	-77.442
122.3	-77.37
122.4	-77.2999
122.5	-77.2318
122.6	-77.1655
122.7	-77.1012
122.8	-77.0388
122.9	-76.9783
123	-76.9197
123.1	-76.863
123.2	-76.8081
123.3	-76.755
123.4	-76.7037
123.5	-76.6541
123.6	-76.6062
123.7	-76.56
123.8	-76.5154
123.9	-76.4725
124	-76.4311
124.1	-76.3912
124.2	-76.3529
124.3	-76.316
124.4	-76.2806
124.5	-76.2466
124.6	-76.214
124.7	-76.1827
124.8	-76.1528
124.9	-76.1242
125	-76.0969
125.1	-76.0708
125.2	-76.0461
125.3	-76.0225
125.4	-76.0001
125.5	-75.979
125.6	-75.959
125.7	-75.9402
125.8	-75.9225
125.9	-75.9059
126	-75.8905
126.1	-75.8761
126.2	-75.8628
126.3	-75.8506
126.4	-75.8394
126.5	-75.8292
126.6	-75.82
126.7	-75.8118
126.8	-75.8046
126.9	-75.7983
127	-75.793
127.1	-75.7886
127.2	-75.785
127.3	-75.7824
127.4	-75.7807
127.5	-75.7797
127.6	-75.7797
127.7	-75.7804
127.8	-75.7819
127.9	-75.7842
128	-75.7872
128.1	-75.791
128.2	-75.7955
128.3	-75.8007
128.4	-75.8065
128.5	-75.813
128.6	-75.8202
128.7	-75.8279
128.8	-75.8362
128.9	-75.8451
129	-75.8545
129.1	-75.8645
129.2	-75.8749
129.3	-75.8859
129.4	-75.8973
129.5	-75.9091
129.6	-75.9214
129.7	-75.9341
129.8	-75.9471
129.9	-75.9605
130	-75.9743
130.1	-75.9883
130.2	-76.0027
130.3	-76.0174
130.4	-76.0324
130.5	-76.0476
130.6	-76.063
130.7	-76.0786
130.8	-76.0945
130.9	-76.1106
131	-76.1268
131.1	-76.1432
131.2	-76.1597
131.3	-76.1764
131.4	-76.1932
131.5	-76.2101
131.6	-76.2271
131.7	-76.2442
131.8	-76.2613
131.9	-76.2786
132	-76.2958
132.1	-76.3132
132.2	-76.3305
132.3	-76.3479
132.4	-76.3653
132.5	-76.3827
132.6	-76.4001
132.7	-76.4175
132.8	-76.4349
132.9	-76.4523
133	-76.4696
133.1	-76.4869
133.2	-76.5042
133.3	-76.5214
133.4	-76.5386
133.5	-76.5557
133.6	-76.5727
133.7	-76.5897
133.8	-76.6067
133.9	-76.6235
134	-76.6403
134.1	-76.657
134.2	-76.6736
134.3	-76.6902
134.4	-76.7066
134.5	-76.723
134.6	-76.7392
134.7	-76.7554
134.8	-76.7715
134.9	-76.7875
135	-76.8034
135.1	-76.8191
135.2	-76.8348
135.3	-76.8504
135.4	-76.8659
135.5	-76.8812
135.6	-76.8965
135.7	-76.9116
135.8	-76.9267
135.9	-76.9416
136	-76.9564
136.1	-76.9711
136.2	-76.9857
136.3	-77.0002
136.4	-77.0146
136.5	-77.0288
136.6	-77.043
136.7	-77.057
136.8	-77.071
136.9	-77.0848
137	-77.0985
137.1	-77.1121
137.2	-77.1256
137.3	-77.139
137.4	-77.1523
137.5	-77.1654
137.6	-77.1785
137.7	-77.1914
137.8	-77.2043
137.9	-77.217
138	-77.2297
138.1	-77.2422
138.2	-77.2546
138.3	-77.2669
138.4	-77.2792
138.5	-77.2913
138.6	-77.3033
138.7	-77.3152
138.8	-77.327
138.9	-77.3387
139	-77.3504
139.1	-77.3619
139.2	-77.3733
139.3	-77.3847
139.4	-77.3959
139.5	-77.407
139.6	-77.4181
139.7	-77.429
139.8	-77.4399
139.9	-77.4507
140	-77.4614
140.1	-77.4677
140.2	-77.4639
140.3	-77.4464
140.4	-77.4143
140.5	-77.3686
140.6	-77.3112
140.7	-77.2441
140.8	-77.1691
140.9	-77.0876
141	-77.0007
141.1	-76.9093
141.2	-76.8139
141.3	-76.7152
141.4	-76.6139
141.5	-76.5107
141.6	-76.4062
141.7	-76.3012
141.8	-76.1962
141.9	-76.0916
142	-75.9878
142.1	-75.8852
142.2	-75.7838
142.3	-75.6838
142.4	-75.5853
142.5	-75.4883
142.6	-75.3929
142.7	-75.299
142.8	-75.2067
142.9	-75.1159
143	-75.0267
143.1	-74.939
143.2	-74.8528
143.3	-74.7682
143.4	-74.685
143.5	-74.6034
143.6	-74.5232
143.7	-74.4446
143.8	-74.3673
143.9	-74.2916
144	-74.2172
144.1	-74.1443
144.2	-74.0727
144.3	-74.0025
144.4	-73.9337
144.5	-73.8661
144.6	-73.7998
144.7	-73.7348
144.8	-73.6711
144.9	-73.6085
145	-73.5471
145.1	-73.4869
145.2	-73.4278
145.3	-73.3698
145.4	-73.3128
145.5	-73.2569
145.6	-73.2021
145.7	-73.1482
145.8	-73.0953
145.9	-73.0433
146	-72.9923
146.1	-72.9422
146.2	-72.8929
146.3	-72.8445
146.4	-72.797
146.5	-72.7502
146.6	-72.7043
146.7	-72.6591
146.8	-72.6147
146.9	-72.571
147	-72.528
147.1	-72.4858
147.2	-72.4442
147.3	-72.4033
147.4	-72.3631
147.5	-72.3235
147.6	-72.2845
147.7	-72.2461
147.8	-72.2084
147.9	-72.1712
148	-72.1346
148.1	-72.0985
148.2	-72.063
148.3	-72.028
148.4	-71.9936
148.5	-71.9596
148.6	-71.9262
148.7	-71.8932
148.8	-71.8607
148.9	-71.8287
149	-71.7972
149.1	-71.7661
149.2	-71.7354
149.3	-71.7052
149.4	-71.6754
149.5	-71.646
149.6	-71.617
149.7	-71.5884
149.8	-71.5602
149.9	-71.5324
150	-71.505
150.1	-71.4779
150.2	-71.4512
150.3	-71.4249
150.4	-71.3989
150.5	-71.3732
150.6	-71.3479
150.7	-71.3229
150.8	-71.2983
150.9	-71.2739
151	-71.2499
151.1	-71.2262
151.2	-71.2028
151.3	-71.1797
151.4	-71.1569
151.5	-71.1343
151.6	-71.1121
151.7	-71.0901
151.8	-71.0684
151.9	-71.047
152	-71.0259
152.1	-71.005
152.2	-70.9844
152.3	-70.964
152.4	-70.9439
152.5	-70.924
152.6	-70.9043
152.7	-70.8849
152.8	-70.8658
152.9	-70.8469
153	-70.8282
153.1	-70.8097
153.2	-70.7914
153.3	-70.7734
153.4	-70.7556
153.5	-70.738
153.6	-70.7206
153.7	-70.7034
153.8	-70.6865
153.9	-70.6697
154	-70.6531
154.1	-70.6367
154.2	-70.6205
154.3	-70.6045
154.4	-70.5887
154.5	-70.5731
154.6	-70.5577
154.7	-70.5424
154.8	-70.5274
154.9	-70.5125
155	-70.4978
155.1	-70.4832
155.2	-70.4688
155.3	-70.4546
155.4	-70.4406
155.5	-70.4267
155.6	-70.413
155.7	-70.3995
155.8	-70.3861
155.9	-70.3729
156	-70.3598
156.1	-70.3469
156.2	-70.3341
156.3	-70.3215
156.4	-70.309
156.5	-70.2967
156.6	-70.2845
156.7	-70.2725
156.8	-70.2606
156.9	-70.2489
157	-70.2373
157.1	-70.2258
157.2	-70.2145
157.3	-70.2033
157.4	-70.1923
157.5	-70.1813
157.6	-70.1705
157.7	-70.1599
157.8	-70.1494
157.9	-70.139
158	-70.1287
158.1	-70.1186
158.2	-70.1085
158.3	-70.0986
158.4	-70.0889
158.5	-70.0792
158.6	-70.0697
158.7	-70.0603
158.8	-70.051
158.9	-70.0418
159	-70.0328
159.1	-70.0238
159.2	-70.015
159.3	-70.0063
159.4	-69.9977
159.5	-69.9892
159.6	-69.9808
159.7	-69.9726
159.8	-69.9644
159.9	-69.9564
160	-69.9484
160.1	-69.9406
160.2	-69.9329
160.3	-69.9252
160.4	-69.9177
160.5	-69.9103
160.6	-69.903
160.7	-69.8958
160.8	-69.8887
160.9	-69.8817
161	-69.8748
161.1	-69.868
161.2	-69.8613
161.3	-69.8546
161.4	-69.8481
161.5	-69.8417
161.6	-69.8354
161.7	-69.8292
161.8	-69.8231
161.9	-69.817
162	-69.8111
162.1	-69.8053
162.2	-69.7995
162.3	-69.7938
162.4	-69.7883
162.5	-69.7828
162.6	-69.7774
162.7	-69.7721
162.8	-69.7669
162.9	-69.7618
163	-69.7568
163.1	-69.7519
163.2	-69.747
163.3	-69.7423
163.4	-69.7376
163.5	-69.733
163.6	-69.7285
163.7	-69.7241
163.8	-69.7198
163.9	-69.7156
164	-69.7114
164.1	-69.7073
164.2	-69.7034
164.3	-69.6995
164.4	-69.6956
164.5	-69.6919
164.6	-69.6883
164.7	-69.6847
164.8	-69.6812
164.9	-69.6778
165	-69.6745
165.1	-69.6713
165.2	-69.6681
165.3	-69.665
165.4	-69.662
165.5	-69.6591
165.6	-69.6563
165.7	-69.6535
165.8	-69.6509
165.9	-69.6483
166	-69.6458
166.1	-69.6433
166.2	-69.641
166.3	-69.6387
166.4	-69.6365
166.5	-69.6344
166.6	-69.6323
166.7	-69.6304
166.8	-69.6285
166.9	-69.6267
167	-69.625
167.1	-69.6233
167.2	-69.6218
167.3	-69.6203
167.4	-69.6189
167.5	-69.6175
167.6	-69.6163
167.7	-69.6151
167.8	-69.614
167.9	-69.613
168	-69.612
168.1	-69.6111
168.2	-69.6104
168.3	-69.6096
168.4	-69.609
168.5	-69.6084
168.6	-69.608
168.7	-69.6075
168.8	-69.6072
168.9	-69.607
169	-69.6068
169.1	-69.6067
169.2	-69.6067
169.3	-69.6067
169.4	-69.6069
169.5	-69.6071
169.6	-69.6074
169.7	-69.6077
169.8	-69.6082
169.9	-69.6087
170	-69.6093
170.1	-69.61
170.2	-69.6108
170.3	-69.6116
170.4	-69.6126
170.5	-69.6136
170.6	-69.6146
170.7	-69.6158
170.8	-69.6171
170.9	-69.6184
171	-69.6198
171.1	-69.6213
171.2	-69.6228
171.3	-69.6245
171.4	-69.6262
171.5	-69.628
171.6	-69.6299
171.7	-69.6319
171.8	-69.634
171.9	-69.6361
172	-69.6384
172.1	-69.6407
172.2	-69.6431
172.3	-69.6456
172.4	-69.6482
172.5	-69.6508
172.6	-69.6536
172.7	-69.6564
172.8	-69.6594
172.9	-69.6624
173	-69.6655
173.1	-69.6687
173.2	-69.672
173.3	-69.6754
173.4	-69.6788
173.5	-69.6824
173.6	-69.6861
173.7	-69.6898
173.8	-69.6937
173.9	-69.6977
174	-69.7017
174.1	-69.7059
174.2	-69.7101
174.3	-69.7145
174.4	-69.719
174.5	-69.7235
174.6	-69.7282
174.7	-69.733
174.8	-69.7379
174.9	-69.7428
175	-69.7479
175.1	-69.7532
175.2	-69.7585
175.3	-69.7639
175.4	-69.7695
175.5	-69.7752
175.6	-69.781
175.7	-69.7869
175.8	-69.7929
175.9	-69.7991
176	-69.8054
176.1	-69.8118
176.2	-69.8183
176.3	-69.825
176.4	-69.8318
176.5	-69.8388
176.6	-69.8459
176.7	-69.8531
176.8	-69.8605
176.9	-69.868
177	-69.8757
177.1	-69.8835
177.2	-69.8915
177.3	-69.8997
177.4	-69.908
177.5	-69.9165
177.6	-69.9251
177.7	-69.934
177.8	-69.943
177.9	-69.9522
178	-69.9615
178.1	-69.9711
178.2	-69.9809
178.3	-69.9908
178.4	-70.001
178.5	-70.0114
178.6	-70.022
178.7	-70.0328
178.8	-70.0438
178.9	-70.0551
179	-70.0667
179.1	-70.0784
179.2	-70.0904
179.3	-70.1027
179.4	-70.1153
179.5	-70.1281
179.6	-70.1412
179.7	-70.1547
179.8	-70.1684
179.9	-70.1824
180	-70.1968
180.1	-70.2114
180.2	-70.2265
180.3	-70.2419
180.4	-70.2576
180.5	-70.2737
180.6	-70.2903
180.7	-70.3072
180.8	-70.3245
180.9	-70.3423
181	-70.3605
181.1	-70.3791
181.2	-70.3983
181.3	-70.4179
181.4	-70.438
181.5	-70.4586
181.6	-70.4797
181.7	-70.5014
181.8	-70.5237
181.9	-70.5465
182	-70.5699
182.1	-70.5939
182.2	-70.6186
182.3	-70.6438
182.4	-70.6697
182.5	-70.6962
182.6	-70.7234
182.7	-70.7513
182.8	-70.7799
182.9	-70.8091
183	-70.839
183.1	-70.8696
183.2	-70.9009
183.3	-70.9329
183.4	-70.9656
183.5	-70.999
183.6	-71.033
183.7	-71.0677
183.8	-71.1031
183.9	-71.1391
184	-71.1757
184.1	-71.213
184.2	-71.2508
184.3	-71.2892
184.4	-71.3281
184.5	-71.3676
184.6	-71.4076
184.7	-71.448
184.8	-71.4889
184.9	-71.5301
185	-71.5718
185.1	-71.6138
185.2	-71.6562
185.3	-71.6988
185.4	-71.7417
185.5	-71.7849
185.6	-71.8282
185.7	-71.8718
185.8	-71.9155
185.9	-71.9593
186	-72.0033
186.1	-72.0473
186.2	-72.0914
186.3	-72.1355
186.4	-72.1796
186.5	-72.2238
186.6	-72.2679
186.7	-72.3119
186.8	-72.3559
186.9	-72.3998
187	-72.4436
187.1	-72.4873
187.2	-72.5309
187.3	-72.5743
187.4	-72.6175
187.5	-72.6606
187.6	-72.7036
187.7	-72.7463
187.8	-72.7888
187.9	-72.8311
188	-72.8733
188.1	-72.9151
188.2	-72.9568
188.3	-72.9982
188.4	-73.0394
188.5	-73.0804
188.6	-73.121
188.7	-73.1615
188.8	-73.2016
188.9	-73.2415
189	-73.2812
189.1	-73.3205
189.2	-73.3596
189.3	-73.3985
189.4	-73.437
189.5	-73.4753
189.6	-73.5133
189.7	-73.551
189.8	-73.5884
189.9	-73.6255
190	-73.6624
190.1	-73.699
190.2	-73.7353
190.3	-73.7713
190.4	-73.8071
190.5	-73.8425
190.6	-73.8777
190.7	-73.9126
190.8	-73.9473
190.9	-73.9816
191	-74.0157
191.1	-74.0495
191.2	-74.0831
191.3	-74.1163
191.4	-74.1493
191.5	-74.1821
191.6	-74.2145
191.7	-74.2467
191.8	-74.2787
191.9	-74.3104
192	-74.3418
192.1	-74.373
192.2	-74.4039
192.3	-74.4346
192.4	-74.465
192.5	-74.4952
192.6	-74.5252
192.7	-74.5549
192.8	-74.5843
192.9	-74.6136
193	-74.6425
193.1	-74.6713
193.2	-74.6998
193.3	-74.7281
193.4	-74.7562
193.5	-74.7841
193.6	-74.8117
193.7	-74.8391
193.8	-74.8663
193.9	-74.8933
194	-74.9201
194.1	-74.9466
194.2	-74.973
194.3	-74.9991
194.4	-75.0251
194.5	-75.0508
194.6	-75.0763
194.7	-75.1017
194.8	-75.1269
194.9	-75.1518
195	-75.1766
195.1	-75.2012
195.2	-75.2256
195.3	-75.2498
195.4	-75.2738
195.5	-75.2977
195.6	-75.3214
195.7	-75.3449
195.8	-75.3682
195.9	-75.3913
196	-75.4143
196.1	-75.4371
196.2	-75.4598
196.3	-75.4823
196.4	-75.5046
196.5	-75.5268
196.6	-75.5488
196.7	-75.5706
196.8	-75.5923
196.9	-75.6138
197	-75.6352
197.1	-75.6565
197.2	-75.6776
197.3	-75.6985
197.4	-75.7193
197.5	-75.7399
197.6	-75.7604
197.7	-75.7808
197.8	-75.801
197.9	-75.8211
198	-75.8411
198.1	-75.8609
198.2	-75.8806
198.3	-75.9001
198.4	-75.9196
198.5	-75.9389
198.6	-75.958
198.7	-75.9771
198.8	-75.996
198.9	-76.0148
199	-76.0334
199.1	-76.052
199.2	-76.0704
199.3	-76.0887
199.4	-76.1069
199.5	-76.125
199.6	-76.1429
199.7	-76.1608
199.8	-76.1785
199.9	-76.1961
200	-76.2136
200.1	-76.231
200.2	-76.2483
200.3	-76.2655
200.4	-76.2826
200.5	-76.2996
200.6	-76.3164
200.7	-76.3332
200.8	-76.3499
200.9	-76.3664
201	-76.3829
201.1	-76.3993
201.2	-76.4155
201.3	-76.4317
201.4	-76.4478
201.5	-76.4637
201.6	-76.4796
201.7	-76.4954
201.8	-76.5111
201.9	-76.5267
202	-76.5422
202.1	-76.5576
202.2	-76.573
202.3	-76.5882
202.4	-76.6034
202.5	-76.6184
202.6	-76.6334
202.7	-76.6483
202.8	-76.6631
202.9	-76.6778
203	-76.6925
203.1	-76.707
203.2	-76.7215
203.3	-76.7359
203.4	-76.7502
203.5	-76.7645
203.6	-76.7786
203.7	-76.7927
203.8	-76.8067
203.9	-76.8206
204	-76.8345
204.1	-76.8482
204.2	-76.8619
204.3	-76.8756
204.4	-76.8891
204.5	-76.9026
204.6	-76.916
204.7	-76.9293
204.8	-76.9426
204.9	-76.9557
205	-76.9689
205.1	-76.9819
205.2	-76.9949
205.3	-77.0078
205.4	-77.0206
205.5	-77.0334
205.6	-77.0461
205.7	-77.0587
205.8	-77.0713
205.9	-77.0838
206	-77.0962
206.1	-77.1086
206.2	-77.1209
206.3	-77.1331
206.4	-77.1453
206.5	-77.1574
206.6	-77.1695
206.7	-77.1814
206.8	-77.1934
206.9	-77.2052
207	-77.217
207.1	-77.2288
207.2	-77.2405
207.3	-77.2521
207.4	-77.2636
207.5	-77.2752
207.6	-77.2866
207.7	-77.298
207.8	-77.3093
207.9	-77.3206
208	-77.3318
208.1	-77.343
208.2	-77.3541
208.3	-77.3651
208.4	-77.3761
208.5	-77.387
208.6	-77.3979
208.7	-77.4088
208.8	-77.4195
208.9	-77.4303
209	-77.4409
209.1	-77.4515
209.2	-77.4621
209.3	-77.4726
209.4	-77.4831
209.5	-77.4935
209.6	-77.5038
209.7	-77.5141
209.8	-77.5244
209.9	-77.5346
210	-77.5447
210.1	-77.5548
210.2	-77.5649
210.3	-77.5749
210.4	-77.5848
210.5	-77.5947
210.6	-77.6046
210.7	-77.6144
210.8	-77.6242
210.9	-77.6339
211	-77.6436
211.1	-77.6532
211.2	-77.6628
211.3	-77.6723
211.4	-77.6818
211.5	-77.6912
211.6	-77.7006
211.7	-77.71
211.8	-77.7193
211.9	-77.7285
212	-77.7377
212.1	-77.7469
212.2	-77.756
212.3	-77.7651
212.4	-77.7741
212.5	-77.7831
212.6	-77.7921
212.7	-77.801
212.8	-77.8099
212.9	-77.8187
213	-77.8275
213.1	-77.8362
213.2	-77.8449
213.3	-77.8536
213.4	-77.8622
213.5	-77.8708
213.6	-77.8793
213.7	-77.8878
213.8	-77.8962
213.9	-77.9047
214	-77.913
214.1	-77.9214
214.2	-77.9297
214.3	-77.9379
214.4	-77.9462
214.5	-77.9543
214.6	-77.9625
214.7	-77.9706
214.8	-77.9787
214.9	-77.9867
215	-77.9947
215.1	-78.0026
215.2	-78.0105
215.3	-78.0184
215.4	-78.0263
215.5	-78.0341
215.6	-78.0418
215.7	-78.0496
215.8	-78.0573
215.9	-78.0649
216	-78.0726
216.1	-78.0802
216.2	-78.0877
216.3	-78.0952
216.4	-78.1027
216.5	-78.1102
216.6	-78.1176
216.7	-78.125
216.8	-78.1323
216.9	-78.1396
217	-78.1469
217.1	-78.1542
217.2	-78.1614
217.3	-78.1686
217.4	-78.1757
217.5	-78.1828
217.6	-78.1899
217.7	-78.197
217.8	-78.204
217.9	-78.211
218	-78.2179
218.1	-78.2248
218.2	-78.2317
218.3	-78.2386
218.4	-78.2454
218.5	-78.2522
218.6	-78.259
218.7	-78.2657
218.8	-78.2724
218.9	-78.2791
219	-78.2857
219.1	-78.2923
219.2	-78.2989
219.3	-78.3055
219.4	-78.312
219.5	-78.3185
219.6	-78.3249
219.7	-78.3314
219.8	-78.3378
219.9	-78.3441
220	-78.3505
220.1	-78.3568
220.2	-78.3631
220.3	-78.3693
220.4	-78.3756
220.5	-78.3818
220.6	-78.3879
220.7	-78.3941
220.8	-78.4002
220.9	-78.4063
221	-78.4124
221.1	-78.4184
221.2	-78.4244
221.3	-78.4304
221.4	-78.4363
221.5	-78.4422
221.6	-78.4482
221.7	-78.454
221.8	-78.4599
221.9	-78.4657
222	-78.4715
222.1	-78.4772
222.2	-78.483
222.3	-78.4887
222.4	-78.4944
222.5	-78.5001
222.6	-78.5057
222.7	-78.5113
222.8	-78.5169
222.9	-78.5225
223	-78.528
223.1	-78.5335
223.2	-78.539
223.3	-78.5444
223.4	-78.5499
223.5	-78.5553
223.6	-78.5607
223.7	-78.5661
223.8	-78.5714
223.9	-78.5767
224	-78.582
224.1	-78.5873
224.2	-78.5925
224.3	-78.5977
224.4	-78.6029
224.5	-78.6081
224.6	-78.6133
224.7	-78.6184
224.8	-78.6235
224.9	-78.6286
225	-78.6337
225.1	-78.6387
225.2	-78.6437
225.3	-78.6487
225.4	-78.6537
225.5	-78.6586
225.6	-78.6635
225.7	-78.6684
225.8	-78.6733
225.9	-78.6782
226	-78.683
226.1	-78.6879
226.2	-78.6926
226.3	-78.6974
226.4	-78.7022
226.5	-78.7069
226.6	-78.7116
226.7	-78.7163
226.8	-78.721
226.9	-78.7256
227	-78.7303
227.1	-78.7349
227.2	-78.7395
227.3	-78.744
227.4	-78.7486
227.5	-78.7531
227.6	-78.7576
227.7	-78.7621
227.8	-78.7666
227.9	-78.771
228	-78.7754
228.1	-78.7798
228.2	-78.7842
228.3	-78.7886
228.4	-78.793
228.5	-78.7973
228.6	-78.8016
228.7	-78.8059
228.8	-78.8102
228.9	-78.8144
229	-78.8186
229.1	-78.8229
229.2	-78.8271
229.3	-78.8312
229.4	-78.8354
229.5	-78.8395
229.6	-78.8437
229.7	-78.8478
229.8	-78.8519
229.9	-78.8559
230	-78.86
230.1	-78.864
230.2	-78.868
230.3	-78.872
230.4	-78.876
230.5	-78.88
230.6	-78.8839
230.7	-78.8879
230.8	-78.8918
230.9	-78.8957
231	-78.8996
231.1	-78.9034
231.2	-78.9073
231.3	-78.9111
231.4	-78.9149
231.5	-78.9187
231.6	-78.9225
231.7	-78.9262
231.8	-78.93
231.9	-78.9337
232	-78.9374
232.1	-78.9411
232.2	-78.9448
232.3	-78.9485
232.4	-78.9521
232.5	-78.9557
232.6	-78.9594
232.7	-78.963
232.8	-78.9665
232.9	-78.9701
233	-78.9737
233.1	-78.9772
233.2	-78.9807
233.3	-78.9842
233.4	-78.9877
233.5	-78.9912
233.6	-78.9947
233.7	-78.9981
233.8	-79.0015
233.9	-79.0049
234	-79.0083
234.1	-79.0117
234.2	-79.0151
234.3	-79.0185
234.4	-79.0218
234.5	-79.0251
234.6	-79.0285
234.7	-79.0318
234.8	-79.035
234.9	-79.0383
235	-79.0416
235.1	-79.0448
235.2	-79.048
235.3	-79.0513
235.4	-79.0545
235.5	-79.0576
235.6	-79.0608
235.7	-79.064
235.8	-79.0671
235.9	-79.0703
236	-79.0734
236.1	-79.0765
236.2	-79.0796
236.3	-79.0826
236.4	-79.0857
236.5	-79.0888
236.6	-79.0918
236.7	-79.0948
236.8	-79.0978
236.9	-79.1008
237	-79.1038
237.1	-79.1068
237.2	-79.1098
237.3	-79.1127
237.4	-79.1157
237.5	-79.1186
237.6	-79.1215
237.7	-79.1244
237.8	-79.1273
237.9	-79.1301
238	-79.133
238.1	-79.1359
238.2	-79.1387
238.3	-79.1415
238.4	-79.1443
238.5	-79.1471
238.6	-79.1499
238.7	-79.1527
238.8	-79.1555
238.9	-79.1582
239	-79.161
239.1	-79.1637
239.2	-79.1664
239.3	-79.1691
239.4	-79.1718
239.5	-79.1745
239.6	-79.1772
239.7	-79.1798
239.8	-79.1825
239.9	-79.1851
240	-79.1877
240.1	-79.1904
240.2	-79.193
240.3	-79.1956
240.4	-79.1981
240.5	-79.2007
240.6	-79.2033
240.7	-79.2058
240.8	-79.2084
240.9	-79.2109
241	-79.2134
241.1	-79.2159
241.2	-79.2184
241.3	-79.2209
241.4	-79.2234
241.5	-79.2258
241.6	-79.2283
241.7	-79.2307
241.8	-79.2332
241.9	-79.2356
242	-79.238
242.1	-79.2404
242.2	-79.2428
242.3	-79.2452
242.4	-79.2476
242.5	-79.2499
242.6	-79.2523
242.7	-79.2546
242.8	-79.257
242.9	-79.2593
243	-79.2616
243.1	-79.2639
243.2	-79.2662
243.3	-79.2685
243.4	-79.2707
243.5	-79.273
243.6	-79.2753
243.7	-79.2775
243.8	-79.2798
243.9	-79.282
244	-79.2842
244.1	-79.2864
244.2	-79.2886
244.3	-79.2908
244.4	-79.293
244.5	-79.2952
244.6	-79.2973
244.7	-79.2995
244.8	-79.3016
244.9	-79.3037
245	-79.3059
245.1	-79.308
245.2	-79.3101
245.3	-79.3122
245.4	-79.3143
245.5	-79.3164
245.6	-79.3185
245.7	-79.3205
245.8	-79.3226
245.9	-79.3246
246	-79.3267
246.1	-79.3287
246.2	-79.3307
246.3	-79.3327
246.4	-79.3347
246.5	-79.3367
246.6	-79.3387
246.7	-79.3407
246.8	-79.3427
246.9	-79.3447
247	-79.3466
247.1	-79.3486
247.2	-79.3505
247.3	-79.3524
247.4	-79.3544
247.5	-79.3563
247.6	-79.3582
247.7	-79.3601
247.8	-79.362
247.9	-79.3639
248	-79.3658
248.1	-79.3676
248.2	-79.3695
248.3	-79.3713
248.4	-79.3732
248.5	-79.375
248.6	-79.3769
248.7	-79.3787
248.8	-79.3805
248.9	-79.3823
249	-79.3841
249.1	-79.3859
249.2	-79.3877
249.3	-79.3895
249.4	-79.3913
249.5	-79.393
249.6	-79.3948
249.7	-79.3965
249.8	-79.3983
249.9	-79.4
250	-79.4017
250.1	-79.4035
250.2	-79.4052
250.3	-79.4069
250.4	-79.4086
250.5	-79.4103
250.6	-79.412
250.7	-79.4137
250.8	-79.4153
250.9	-79.417
251	-79.4187
251.1	-79.4203
251.2	-79.422
251.3	-79.4236
251.4	-79.4252
251.5	-79.4269
251.6	-79.4285
251.7	-79.4301
251.8	-79.4317
251.9	-79.4333
252	-79.4349
252.1	-79.4365
252.2	-79.4381
252.3	-79.4397
252.4	-79.4412
252.5	-79.4428
252.6	-79.4443
252.7	-79.4459
252.8	-79.4474
252.9	-79.449
253	-79.4505
253.1	-79.452
253.2	-79.4536
253.3	-79.4551
253.4	-79.4566
253.5	-79.4581
253.6	-79.4596
253.7	-79.4611
253.8	-79.4625
253.9	-79.464
254	-79.4655
254.1	-79.467
254.2	-79.4684
254.3	-79.4699
254.4	-79.4713
254.5	-79.4728
254.6	-79.4742
254.7	-79.4756
254.8	-79.4771
254.9	-79.4785
255	-79.4799
255.1	-79.4813
255.2	-79.4827
255.3	-79.4841
255.4	-79.4855
255.5	-79.4869
255.6	-79.4883
255.7	-79.4896
255.8	-79.491
255.9	-79.4924
256	-79.4937
256.1	-79.4951
256.2	-79.4964
256.3	-79.4978
256.4	-79.4991
256.5	-79.5005
256.6	-79.5018
256.7	-79.5031
256.8	-79.5044
256.9	-79.5057
257	-79.507
257.1	-79.5083
257.2	-79.5096
257.3	-79.5109
257.4	-79.5122
257.5	-79.5135
257.6	-79.5148
257.7	-79.516
257.8	-79.5173
257.9	-79.5186
258	-79.5198
258.1	-79.5211
258.2	-79.5223
258.3	-79.5236
258.4	-79.5248
258.5	-79.526
258.6	-79.5273
258.7	-79.5285
258.8	-79.5297
258.9	-79.5309
259	-79.5321
259.1	-79.5333
259.2	-79.5345
259.3	-79.5357
259.4	-79.5369
259.5	-79.5381
259.6	-79.5393
259.7	-79.5404
259.8	-79.5416
259.9	-79.5428
260	-79.5439
260.1	-79.5451
260.2	-79.5462
260.3	-79.5474
260.4	-79.5485
260.5	-79.5497
260.6	-79.5508
260.7	-79.5519
260.8	-79.5531
260.9	-79.5542
261	-79.5553
261.1	-79.5564
261.2	-79.5575
261.3	-79.5586
261.4	-79.5597
261.5	-79.5608
261.6	-79.5619
261.7	-79.563
261.8	-79.5641
261.9	-79.5652
262	-79.5663
262.1	-79.5673
262.2	-79.5684
262.3	-79.5695
262.4	-79.5705
262.5	-79.5716
262.6	-79.5726
262.7	-79.5737
262.8	-79.5747
262.9	-79.5758
263	-79.5768
263.1	-79.5778
263.2	-79.5788
263.3	-79.5799
263.4	-79.5809
263.5	-79.5819
263.6	-79.5829
263.7	-79.5839
263.8	-79.5849
263.9	-79.5859
264	-79.5869
264.1	-79.5879
264.2	-79.5889
264.3	-79.5899
264.4	-79.5909
264.5	-79.5919
264.6	-79.5928
264.7	-79.5938
264.8	-79.5948
264.9	-79.5957
265	-79.5967
265.1	-79.5976
265.2	-79.5986
265.3	-79.5995
265.4	-79.6005
265.5	-79.6014
265.6	-79.6024
265.7	-79.6033
265.8	-79.6042
265.9	-79.6052
266	-79.6061
266.1	-79.607
266.2	-79.6079
266.3	-79.6088
266.4	-79.6098
266.5	-79.6107
266.6	-79.6116
266.7	-79.6125
266.8	-79.6134
266.9	-79.6143
267	-79.6152
267.1	-79.616
267.2	-79.6169
267.3	-79.6178
267.4	-79.6187
267.5	-79.6196
267.6	-79.6204
267.7	-79.6213
267.8	-79.6222
267.9	-79.623
268	-79.6239
268.1	-79.6247
268.2	-79.6256
268.3	-79.6264
268.4	-79.6273
268.5	-79.6281
268.6	-79.629
268.7	-79.6298
268.8	-79.6306
268.9	-79.6315
269	-79.6323
269.1	-79.6331
269.2	-79.6339
269.3	-79.6348
269.4	-79.6356
269.5	-79.6364
269.6	-79.6372
269.7	-79.638
269.8	-79.6388
269.9	-79.6396
270	-79.6404
270.1	-79.6412
270.2	-79.642
270.3	-79.6428
270.4	-79.6436
270.5	-79.6444
270.6	-79.6451
270.7	-79.6459
270.8	-79.6467
270.9	-79.6475
271	-79.6482
271.1	-79.649
271.2	-79.6498
271.3	-79.6505
271.4	-79.6513
271.5	-79.652
271.6	-79.6528
271.7	-79.6535
271.8	-79.6543
271.9	-79.655
272	-79.6558
272.1	-79.6565
272.2	-79.6573
272.3	-79.658
272.4	-79.6587
272.5	-79.6595
272.6	-79.6602
272.7	-79.6609
272.8	-79.6616
272.9	-79.6624
273	-79.6631
273.1	-79.6638
273.2	-79.6645
273.3	-79.6652
273.4	-79.6659
273.5	-79.6666
273.6	-79.6673
273.7	-79.668
273.8	-79.6687
273.9	-79.6694
274	-79.6701
274.1	-79.6708
274.2	-79.6715
274.3	-79.6722
274.4	-79.6728
274.5	-79.6735
274.6	-79.6742
274.7	-79.6749
274.8	-79.6755
274.9	-79.6762
275	-79.6769
275.1	-79.6776
275.2	-79.6782
275.3	-79.6789
275.4	-79.6795
275.5	-79.6802
275.6	-79.6808
275.7	-79.6815
275.8	-79.6821
275.9	-79.6828
276	-79.6834
276.1	-79.6841
276.2	-79.6847
276.3	-79.6854
276.4	-79.686
276.5	-79.6866
276.6	-79.6873
276.7	-79.6879
276.8	-79.6885
276.9	-79.6891
277	-79.6898
277.1	-79.6904
277.2	-79.691
277.3	-79.6916
277.4	-79.6922
277.5	-79.6928
277.6	-79.6935
277.7	-79.6941
277.8	-79.6947
277.9	-79.6953
278	-79.6959
278.1	-79.6965
278.2	-79.6971
278.3	-79.6977
278.4	-79.6983
278.5	-79.6989
278.6	-79.6994
278.7	-79.7
278.8	-79.7006
278.9	-79.7012
279	-79.7018
279.1	-79.7024
279.2	-79.7029
279.3	-79.7035
279.4	-79.7041
279.5	-79.7047
279.6	-79.7052
279.7	-79.7058
279.8	-79.7064
279.9	-79.7069
280	-79.7075
280.1	-79.7081
280.2	-79.7086
280.3	-79.7092
280.4	-79.7097
280.5	-79.7103
280.6	-79.7108
280.7	-79.7114
280.8	-79.7119
280.9	-79.7125
281	-79.713
281.1	-79.7136
281.2	-79.7141
281.3	-79.7146
281.4	-79.7152
281.5	-79.7157
281.6	-79.7163
281.7	-79.7168
281.8	-79.7173
281.9	-79.7178
282	-79.7184
282.1	-79.7189
282.2	-79.7194
282.3	-79.7199
282.4	-79.7205
282.5	-79.721
282.6	-79.7215
282.7	-79.722
282.8	-79.7225
282.9	-79.723
283	-79.7235
283.1	-79.724
283.2	-79.7246
283.3	-79.7251
283.4	-79.7256
283.5	-79.7261
283.6	-79.7266
283.7	-79.7271
283.8	-79.7276
283.9	-79.7281
284	-79.7285
284.1	-79.729
284.2	-79.7295
284.3	-79.73
284.4	-79.7305
284.5	-79.731
284.6	-79.7315
284.7	-79.7319
284.8	-79.7324
284.9	-79.7329
285	-79.7334
285.1	-79.7339
285.2	-79.7343
285.3	-79.7348
285.4	-79.7353
285.5	-79.7358
285.6	-79.7362
285.7	-79.7367
285.8	-79.7372
285.9	-79.7376
286	-79.7381
286.1	-79.7385
286.2	-79.739
286.3	-79.7395
286.4	-79.7399
286.5	-79.7404
286.6	-79.7408
286.7	-79.7413
286.8	-79.7417
286.9	-79.7422
287	-79.7426
287.1	-79.7431
287.2	-79.7435
287.3	-79.744
287.4	-79.7444
287.5	-79.7448
287.6	-79.7453
287.7	-79.7457
287.8	-79.7462
287.9	-79.7466
288	-79.747
288.1	-79.7475
288.2	-79.7479
288.3	-79.7483
288.4	-79.7487
288.5	-79.7492
288.6	-79.7496
288.7	-79.75
288.8	-79.7505
288.9	-79.7509
289	-79.7513
289.1	-79.7517
289.2	-79.7521
289.3	-79.7525
289.4	-79.753
289.5	-79.7534
289.6	-79.7538
289.7	-79.7542
289.8	-79.7546
289.9	-79.755
290	-79.7554
290.1	-79.7558
290.2	-79.7562
290.3	-79.7566
290.4	-79.757
290.5	-79.7575
290.6	-79.7579
290.7	-79.7583
290.8	-79.7587
290.9	-79.759
291	-79.7594
291.1	-79.7598
291.2	-79.7602
291.3	-79.7606
291.4	-79.761
291.5	-79.7614
291.6	-79.7618
291.7	-79.7622
291.8	-79.7626
291.9	-79.7629
292	-79.7633
292.1	-79.7637
292.2	-79.7641
292.3	-79.7645
292.4	-79.7649
292.5	-79.7652
292.6	-79.7656
292.7	-79.766
292.8	-79.7664
292.9	-79.7667
293	-79.7671
293.1	-79.7675
293.2	-79.7679
293.3	-79.7682
293.4	-79.7686
293.5	-79.769
293.6	-79.7693
293.7	-79.7697
293.8	-79.7701
293.9	-79.7704
294	-79.7708
294.1	-79.7711
294.2	-79.7715
294.3	-79.7719
294.4	-79.7722
294.5	-79.7726
294.6	-79.7729
294.7	-79.7733
294.8	-79.7736
294.9	-79.774
295	-79.7743
295.1	-79.7747
295.2	-79.775
295.3	-79.7754
295.4	-79.7757
295.5	-79.7761
295.6	-79.7764
295.7	-79.7768
295.8	-79.7771
295.9	-79.7775
296	-79.7778
296.1	-79.7781
296.2	-79.7785
296.3	-79.7788
296.4	-79.7791
296.5	-79.7795
296.6	-79.7798
296.7	-79.7802
296.8	-79.7805
296.9	-79.7808
297	-79.7812
297.1	-79.7815
297.2	-79.7818
297.3	-79.7821
297.4	-79.7825
297.5	-79.7828
297.6	-79.7831
297.7	-79.7834
297.8	-79.7838
297.9	-79.7841
298	-79.7844
298.1	-79.7847
298.2	-79.7851
298.3	-79.7854
298.4	-79.7857
298.5	-79.786
298.6	-79.7863
298.7	-79.7866
298.8	-79.787
298.9	-79.7873
299	-79.7876
299.1	-79.7879
299.2	-79.7882
299.3	-79.7885
299.4	-79.7888
299.5	-79.7891
299.6	-79.7894
299.7	-79.7897
299.8	-79.7901
299.9	-79.7904
300	-79.7907
